1401716099,90.4443,90.6857,90.1900,90.5657,3934000
1401716340,89.9320,90.4157,89.9157,90.4157,2218400
1401716640,89.8186,90.0000,89.6000,89.9264,3834600
1401716986,89.7629,89.9914,89.7500,89.8186,1820200
1401717240,89.7934,89.8729,89.6571,89.7743,1934500
1401717599,89.5559,89.8097,89.5369,89.7788,2135900
1401717899,89.6514,89.7143,89.4805,89.5579,1696600
1401718140,89.6813,89.7586,89.5829,89.6514,1096800
1401718440,89.6857,89.7600,89.6443,89.6443,777800
1401718799,89.9800,89.9929,89.6443,89.6671,1452500
1401719041,89.9314,90.0500,89.9300,89.9829,1558400
1401719340,89.9114,89.9857,89.8671,89.9500,710100
1401719646,89.7971,89.9514,89.7414,89.9156,865500
1401719940,89.8000,89.8600,89.7357,89.7957,1302700
1401720245,89.7828,89.8386,89.7730,89.8100,550600
1401720540,89.5371,89.7857,89.5214,89.7757,1507700
1401720840,89.5871,89.6371,89.5143,89.5429,1167500
1401721140,89.6771,89.6771,89.5543,89.5886,1199000
1401721441,89.5829,89.6786,89.5334,89.6736,819000
1401721740,89.6629,89.6657,89.5714,89.5800,950400
1401722040,89.7357,89.7457,89.6500,89.6643,878400
1401722342,89.7500,89.7543,89.6586,89.7286,490900
1401722640,89.8629,89.8882,89.7300,89.7500,808300
1401722941,90.1057,90.1143,89.8457,89.8643,1543200
1401723240,90.0414,90.1114,89.9800,90.1114,861400
1401723599,90.0329,90.0571,89.9529,90.0443,754800
1401723840,90.0129,90.1129,90.0043,90.0271,762800
1401724145,90.1157,90.1557,90.0071,90.0086,514500
1401724441,90.2071,90.2843,90.1143,90.1303,1117100
1401724740,90.2157,90.2700,90.1914,90.2114,471400
1401725040,90.0977,90.2171,90.0929,90.2044,409200
1401725342,90.1957,90.2000,90.0929,90.1000,433100
1401725699,90.2786,90.2814,90.1857,90.1971,484700
1401725999,90.1286,90.2814,90.1286,90.2814,445800
1401726243,89.9986,90.1386,89.9300,90.1386,906700
1401726544,89.9786,89.9986,89.9572,89.9872,327400
1401726846,90.0143,90.0300,89.9074,89.9643,430900
1401727141,90.0743,90.1286,90.0043,90.0143,386600
1401727447,90.1157,90.1343,90.0871,90.0900,357000
1401727747,90.1929,90.2086,90.1186,90.1286,495700
1401728043,90.0486,90.2086,90.0371,90.1929,504000
1401728340,90.0086,90.0657,90.0015,90.0600,468400
1401728640,89.9543,90.0129,89.9129,90.0086,706400
1401728940,89.9779,90.0471,89.8286,89.9557,1099500
1401729240,89.9986,90.1114,89.9571,89.9943,966800
1401729540,89.7500,90.0500,89.7500,89.9960,865000
1401729840,89.5966,89.7700,89.5129,89.7600,1950300
1401730140,89.7346,89.8571,89.5743,89.5743,1543000
1401730440,89.8586,89.9200,89.6657,89.7286,1094200
1401730740,89.8471,89.9886,89.8229,89.8729,786100
1401731040,89.7600,89.9443,89.7459,89.8529,530900
1401731342,89.8249,89.8814,89.7359,89.7614,381700
1401731643,89.8537,89.9257,89.7871,89.8271,494800
1401731941,89.8254,89.9557,89.7614,89.8429,558900
1401732299,89.7607,89.9414,89.7286,89.8186,831200
1401732543,89.6871,89.7986,89.6571,89.7400,704700
1401732840,89.4143,89.7164,89.2986,89.6643,2416600
1401733199,89.1499,89.4300,88.9286,89.4057,3929900
1401733441,89.3143,89.3428,89.0429,89.1457,1952200
1401733740,89.2286,89.3429,89.1786,89.3286,993000
1401734041,89.4886,89.4929,89.2143,89.2286,1287900
1401734399,89.7671,89.8457,89.4007,89.4800,1967200
1401734640,89.6286,89.8986,89.4479,89.7643,1271500
1401734943,89.5543,89.6300,89.4029,89.6286,1002700
1401735240,89.5471,89.6386,89.5100,89.5386,660100
1401735540,89.1914,89.5743,89.1843,89.5377,2090400
1401735899,89.3343,89.3886,89.0729,89.2182,1632800
1401736140,89.5660,89.6143,89.3229,89.3343,1290000
1401736441,89.2300,89.5600,89.2143,89.5600,992800
1401736742,89.4857,89.5000,89.2371,89.2371,836900
1401737043,89.5114,89.5457,89.4143,89.4857,575500
1401737341,89.3229,89.5543,89.3214,89.5143,911200
1401737641,89.5448,89.6600,89.3243,89.3243,1182200
1401737940,89.4657,89.6129,89.4000,89.5214,971200
1401738240,89.6657,89.6914,89.4000,89.4657,1404000
1401738599,89.7357,89.7486,89.6059,89.6486,1215200
1401738840,89.8300,89.8557,89.6671,89.7343,1782300
1401739140,89.7857,89.8443,89.7029,89.8300,2546200
1401739200,89.8071,89.8071,89.8071,89.8071,985600
1401802440,90.0407,90.2828,89.7543,89.7557,0
1401802741,90.3986,90.3999,89.9114,90.0557,3100800
1401803040,90.7929,90.8214,90.3814,90.3821,4463300
1401803342,90.6544,90.8143,90.6243,90.8043,2548400
1401803698,91.0300,91.1200,90.6686,90.6770,3984600
1401803940,91.0203,91.0514,90.9086,91.0314,1552600
1401804240,90.8857,91.0511,90.8643,91.0286,1721300
1401804542,91.0114,91.1029,90.8871,90.8871,1568800
1401804841,91.1379,91.1643,90.9629,91.0257,1769600
1401805140,91.0766,91.2486,91.0429,91.1471,1915600
1401805440,91.0286,91.1086,90.9786,91.0586,1003400
1401805740,90.9300,91.0671,90.8943,91.0254,1394700
1401806041,90.8457,90.9686,90.8200,90.9400,996900
1401806340,90.8571,90.9429,90.7714,90.8429,787100
1401806640,90.8629,91.0286,90.8571,90.8614,973700
1401806940,90.7490,90.9243,90.7286,90.8571,898700
1401807243,90.6500,90.7657,90.6443,90.7386,1146000
1401807540,90.8286,90.8429,90.6300,90.6486,951600
1401807841,90.7357,90.8543,90.7000,90.8371,564300
1401808140,90.7373,90.8183,90.6600,90.7329,739800
1401808442,90.7786,90.7929,90.7171,90.7373,506900
1401808740,90.7143,90.7800,90.6229,90.7800,719000
1401809042,90.6486,90.7071,90.5386,90.7071,1128900
1401809340,90.6486,90.6686,90.6143,90.6471,376900
1401809640,90.4443,90.6486,90.4443,90.6386,1242200
1401809940,90.4700,90.5600,90.4257,90.4557,833900
1401810241,90.3471,90.4943,90.3371,90.4714,1147600
1401810541,90.5557,90.6043,90.3001,90.3471,1032300
1401810846,90.5971,90.6386,90.5471,90.5500,573500
1401811140,90.5914,90.6114,90.4450,90.5986,733200
1401811441,90.7557,90.7857,90.5783,90.5914,716500
1401811740,90.8029,90.8029,90.7157,90.7557,442900
1401812040,90.9286,90.9786,90.7257,90.8027,797900
1401812341,90.8757,90.9443,90.8314,90.9171,451200
1401812640,90.9029,90.9157,90.8571,90.8657,300700
1401812940,90.8443,90.9059,90.8314,90.9059,357800
1401813248,90.9057,90.9143,90.8157,90.8386,293600
1401813544,90.7686,90.9000,90.7686,90.9000,347000
1401813841,90.8457,90.8786,90.7743,90.7829,828300
1401814147,90.7757,90.8556,90.7757,90.8443,406600
1401814445,90.6929,90.7841,90.6786,90.7714,406500
1401814740,90.5800,90.6971,90.5771,90.6926,415600
1401815041,90.6943,90.7157,90.5814,90.5911,289400
1401815341,90.9243,90.9443,90.6943,90.6943,1126900
1401815640,90.9914,91.0086,90.8957,90.9486,855900
1401815940,90.9071,91.0586,90.8614,90.9986,703500
1401816299,90.9814,90.9929,90.8929,90.9209,361500
1401816599,91.0429,91.0857,90.9687,90.9687,492300
1401816842,90.9764,91.0543,90.9629,91.0414,356100
1401817140,90.9331,90.9900,90.9171,90.9900,305900
1401817440,90.9629,91.0429,90.9200,90.9200,571300
1401817799,90.8340,90.9814,90.8229,90.9643,501800
1401818040,90.9314,90.9414,90.8307,90.8307,505000
1401818345,90.9000,90.9757,90.8771,90.9286,252700
1401818644,90.8400,90.9229,90.8214,90.9229,371500
1401818944,90.9429,90.9771,90.8307,90.8307,256700
1401819242,91.0157,91.0243,90.8714,90.9486,430100
1401819541,91.0214,91.0543,90.9471,91.0143,420800
1401819841,90.9800,91.0543,90.9557,91.0143,357300
1401820145,90.9229,90.9843,90.9029,90.9729,314600
1401820456,90.9186,90.9257,90.8786,90.9109,262900
1401820744,90.9372,91.0000,90.9164,90.9173,456300
1401821040,90.9529,90.9586,90.9071,90.9384,233900
1401821348,90.9284,90.9986,90.9114,90.9529,415200
1401821640,90.8471,90.9286,90.7943,90.9143,786600
1401821946,90.7817,90.8343,90.7486,90.8214,439300
1401822241,90.7786,90.8643,90.7486,90.7843,619900
1401822540,90.8871,90.9029,90.7600,90.7929,534700
1401822899,90.9086,90.9757,90.8614,90.8900,573700
1401823140,90.8729,90.9100,90.8146,90.9029,348200
1401823445,90.9657,90.9943,90.8757,90.8929,432600
1401823740,90.9330,90.9814,90.9300,90.9700,384400
1401824042,90.9086,90.9814,90.8814,90.9500,524900
1401824341,91.0486,91.0643,90.9014,90.9079,829800
1401824640,91.0461,91.1071,91.0315,91.0443,1086900
1401824955,91.0871,91.1043,91.0086,91.0471,644800
1401825240,91.1071,91.1086,91.0171,91.0857,1068900
1401825540,91.0771,91.1586,91.0771,91.1100,2728700
1401825600,91.0771,91.0771,91.0771,91.0771,808800
1401888840,91.2929,91.3714,91.0100,91.1143,0
1401889140,91.1214,91.3029,90.8729,91.2986,2547400
1401889440,91.1543,91.2057,90.9571,91.1000,1652900
1401889740,91.3671,91.3857,91.0871,91.1286,1767600
1401890040,91.6257,91.7414,91.3614,91.3817,3491600
1401890340,91.6571,91.6757,91.5501,91.6414,1636900
1401890640,91.5557,91.6729,91.4757,91.6657,1581100
1401890941,91.5529,91.5657,91.4643,91.5529,751100
1401891296,91.6071,91.6786,91.5014,91.5314,1168300
1401891540,91.5386,91.6643,91.5300,91.6071,907700
1401891841,91.4286,91.5843,91.4043,91.5514,944000
1401892140,91.4414,91.5300,91.3443,91.4314,1384800
1401892440,91.5071,91.5071,91.4129,91.4229,478700
1401892744,91.4629,91.5586,91.4557,91.5100,530300
1401893040,91.5871,91.6057,91.4571,91.4743,626300
1401893341,91.5900,91.6314,91.5614,91.5857,1579000
1401893641,91.6871,91.7000,91.5814,91.5857,902600
1401893940,91.7557,91.7843,91.6714,91.6871,1341600
1401894241,91.8514,91.8571,91.7557,91.7714,1110600
1401894540,91.9014,91.9729,91.8272,91.8457,1136800
1401894840,91.8557,91.9286,91.8386,91.8943,829100
1401895140,91.9000,91.9329,91.8500,91.8714,800500
1401895441,92.0857,92.1200,91.8971,91.9014,1898600
1401895799,92.1000,92.1429,92.0043,92.0743,1011800
1401896099,92.1326,92.1450,92.0297,92.0929,1367700
1401896340,91.9714,92.1329,91.9714,92.1314,758800
1401896640,91.8771,92.0500,91.8686,91.9716,935800
1401896942,91.9100,91.9986,91.8779,91.8786,612800
1401897299,91.9257,91.9457,91.8771,91.9129,533300
1401897540,92.0300,92.0343,91.9000,91.9057,641700
1401897850,92.0500,92.1143,92.0000,92.0300,666700
1401898141,91.9814,92.0914,91.9729,92.0571,2389100
1401898440,92.0340,92.0500,91.9671,91.9757,1476200
1401898742,92.0629,92.0700,92.0114,92.0386,377700
1401899099,92.0885,92.1271,92.0129,92.0629,864000
1401899399,92.1329,92.1571,92.0371,92.0857,1073600
1401899644,92.0714,92.1443,92.0343,92.1400,710000
1401899941,92.0971,92.1229,92.0159,92.0714,473400
1401900299,92.1371,92.1443,92.0714,92.0971,710700
1401900599,92.2293,92.2343,92.1000,92.1343,963500
1401900840,92.2598,92.2743,92.2143,92.2243,1061100
1401901140,92.3014,92.3410,92.2300,92.2571,847800
1401901443,92.2386,92.3143,92.2286,92.3114,615600
1401901743,92.2486,92.2557,92.1929,92.2499,351400
1401902042,92.2157,92.2714,92.1914,92.2449,367300
1401902340,92.2136,92.2414,92.1529,92.2243,436200
1401902699,92.3271,92.3471,92.1986,92.2157,663800
1401902942,92.3600,92.3786,92.2914,92.3386,742000
1401903240,92.3914,92.3914,92.2948,92.3600,570100
1401903540,92.4424,92.4557,92.3786,92.3829,1049900
1401903841,92.3657,92.4743,92.3430,92.4350,1361300
1401904198,92.3197,92.3714,92.2286,92.3643,855000
1401904443,92.4129,92.4129,92.2829,92.3143,611300
1401904742,92.3914,92.4643,92.3771,92.4086,634700
1401905040,92.3900,92.4400,92.3686,92.3914,541100
1401905340,92.4021,92.4457,92.3829,92.3914,665900
1401905643,92.4835,92.4900,92.3286,92.4000,1042400
1401905941,92.5436,92.5557,92.4529,92.4726,990700
1401906240,92.3091,92.5557,92.2614,92.5422,1495100
1401906548,92.3572,92.3986,92.2971,92.3171,660500
1401906842,92.2907,92.3686,92.2429,92.3614,1014700
1401907140,92.3029,92.3257,92.2286,92.2857,705600
1401907442,92.3429,92.4043,92.3071,92.3071,558600
1401907798,92.3271,92.4057,92.3243,92.3429,505900
1401908041,92.2857,92.3329,92.2400,92.3214,693400
1401908341,92.3429,92.3629,92.2600,92.2857,535700
1401908640,92.3614,92.4000,92.3329,92.3386,409100
1401908999,92.3543,92.3957,92.3386,92.3686,317100
1401909240,92.2629,92.3743,92.2286,92.3457,522700
1401909540,92.1829,92.2729,92.0714,92.2554,1500600
1401909840,92.3016,92.3200,92.1729,92.1857,812900
1401910198,92.3143,92.3543,92.2714,92.3200,622500
1401910440,92.2786,92.4000,92.2729,92.3157,973700
1401910740,92.2743,92.3286,92.2257,92.2773,724900
1401911040,92.2759,92.3500,92.2571,92.2743,824800
1401911341,92.1986,92.2857,92.1771,92.2807,1048300
1401911641,92.2571,92.2743,92.1900,92.2000,1046000
1401911940,92.1171,92.2643,92.0371,92.2571,3411500
1401912000,92.1171,92.1171,92.1171,92.1171,2956500
1401975240,92.7157,92.7671,92.2658,92.3271,0
1401975540,92.6914,92.7286,92.5671,92.7143,2209000
1401975840,92.5221,92.6929,92.3757,92.6786,2667200
1401976140,92.5888,92.6929,92.5029,92.5214,1975200
1401976440,92.3714,92.6329,92.3457,92.5857,1532300
1401976740,92.4314,92.4514,92.1800,92.3743,2467100
1401977099,92.2103,92.5143,92.1900,92.4357,1364500
1401977340,92.0257,92.2786,91.9843,92.2129,2196800
1401977699,91.9314,92.0400,91.8657,92.0231,2362800
1401977940,92.1029,92.1086,91.8014,91.9286,2001800
1401978299,92.2400,92.3186,92.0971,92.1014,1889800
1401978540,92.3371,92.3571,92.2129,92.2500,1392700
1401978899,92.2842,92.3386,92.2216,92.3386,1073400
1401979140,92.1348,92.2829,92.1171,92.2829,1095300
1401979442,92.3229,92.3343,92.1286,92.1400,911600
1401979741,92.3837,92.4514,92.3057,92.3264,1076600
1401980041,92.3186,92.3786,92.2314,92.3586,572200
1401980340,92.3014,92.3557,92.2657,92.3229,414000
1401980640,92.2857,92.3557,92.2557,92.3000,469400
1401980940,92.2576,92.3414,92.2000,92.3000,648100
1401981240,92.0986,92.2829,92.0771,92.2429,826800
1401981540,92.0771,92.1114,91.9386,92.1114,1512800
1401981840,92.1643,92.1886,92.0518,92.0786,844500
1401982143,92.0857,92.2071,92.0488,92.1729,662800
1401982440,92.1400,92.1429,92.0000,92.0942,649100
1401982798,92.1096,92.1543,91.9857,92.1386,701200
1401983040,92.0071,92.1356,91.9900,92.1186,529100
1401983340,91.8971,92.0499,91.8757,92.0300,1018700
1401983698,92.0829,92.1429,91.8800,91.9157,812100
1401983947,92.0343,92.1771,92.0286,92.0971,466500
1401984240,92.1200,92.1429,92.0537,92.0571,500200
1401984540,92.2620,92.2857,92.1200,92.1200,941400
1401984841,92.1914,92.2814,92.1600,92.2586,573000
1401985143,92.1029,92.1986,92.0943,92.1900,486500
1401985443,92.1257,92.1757,92.0986,92.1157,406400
1401985740,92.1100,92.1371,92.0571,92.1371,424600
1401986050,92.1814,92.2571,92.0944,92.1100,599100
1401986399,92.3086,92.3557,92.1857,92.1857,778000
1401986640,92.2717,92.3500,92.2430,92.3029,493100
1401986941,92.2557,92.3093,92.2414,92.2986,546800
1401987296,92.2114,92.2543,92.1814,92.2543,350300
1401987541,92.1770,92.2527,92.1686,92.2129,297500
1401987853,92.2857,92.2986,92.1700,92.1929,307400
1401988142,92.2614,92.3157,92.2443,92.2686,304300
1401988446,92.1643,92.2943,92.1629,92.2693,495300
1401988740,92.0857,92.1909,92.0857,92.1657,427500
1401989040,91.9493,92.1186,91.9457,92.0871,847000
1401989340,92.0081,92.0400,91.9214,91.9471,480700
1401989699,92.0457,92.1186,92.0000,92.0043,462100
1401989999,92.0229,92.0643,91.9889,92.0529,336900
1401990246,92.0200,92.0557,91.9772,92.0250,243900
1401990542,91.9857,92.0543,91.9857,92.0257,172700
1401990840,91.9543,92.0236,91.9329,91.9886,471100
1401991144,92.0614,92.0757,91.9586,91.9721,255500
1401991442,92.1471,92.1571,92.0371,92.0571,546600
1401991740,92.2714,92.2729,92.1386,92.1571,598100
1401992043,92.3271,92.3486,92.2757,92.2771,709400
1401992340,92.3929,92.4214,92.3171,92.3221,681900
1401992642,92.4843,92.4986,92.3257,92.3986,4572800
1401992941,92.4571,92.4943,92.4014,92.4843,463900
1401993240,92.3814,92.4714,92.3800,92.4643,416600
1401993542,92.2871,92.3879,92.2326,92.3814,655900
1401993899,92.3914,92.4071,92.2686,92.2814,956400
1401994142,92.4457,92.4600,92.3814,92.3914,296600
1401994441,92.3157,92.4550,92.3000,92.4486,460500
1401994741,92.3400,92.3900,92.3057,92.3271,417000
1401995040,92.4043,92.4186,92.3440,92.3536,210900
1401995340,92.2629,92.4100,92.2300,92.4043,669400
1401995640,92.2529,92.3000,92.1271,92.2700,699800
1401995942,92.1846,92.2814,92.1314,92.2686,493300
1401996241,92.2909,92.2943,92.1800,92.1871,455900
1401996541,92.1944,92.3169,92.1857,92.2929,434000
1401996840,92.1957,92.2114,92.1543,92.2029,484500
1401997199,92.2800,92.2857,92.1800,92.1914,469700
1401997443,92.2529,92.2871,92.2429,92.2719,485900
1401997799,92.2929,92.3086,92.2014,92.2743,846400
1401998040,92.3743,92.4486,92.2814,92.2814,1521800
1401998340,92.4786,92.4786,92.3729,92.3800,2501500
1401998400,92.4643,92.4643,92.4643,92.4643,700
1402061699,92.5387,92.9271,92.4789,92.8429,0
1402061999,92.6214,92.7071,92.4714,92.5479,1950100
1402062240,92.4571,92.7071,92.4000,92.6200,1582800
1402062540,92.4743,92.4786,92.2671,92.4157,2006800
1402062840,92.6271,92.6686,92.4600,92.4743,1340600
1402063140,92.5514,92.6586,92.4357,92.6183,1144400
1402063446,92.4671,92.5714,92.3957,92.5671,959100
1402063741,92.4500,92.5357,92.3643,92.4671,738000
1402064099,92.2187,92.4427,92.2186,92.4427,1441200
1402064340,92.3014,92.3643,92.2143,92.2200,851900
1402064643,92.4757,92.4971,92.2571,92.2929,1036400
1402064940,92.5571,92.5771,92.4086,92.4800,1016000
1402065299,92.5414,92.6343,92.5271,92.5629,919900
1402065542,92.5648,92.5957,92.4814,92.5643,523700
1402065841,92.5200,92.6070,92.5000,92.5592,452400
1402066140,92.4914,92.5343,92.4414,92.5200,618700
1402066441,92.5371,92.5543,92.4471,92.4771,1022600
1402066740,92.4900,92.5457,92.4614,92.5329,940900
1402067041,92.4464,92.5029,92.4171,92.4900,1003800
1402067399,92.5259,92.5414,92.4314,92.4371,633300
1402067641,92.4849,92.6029,92.4786,92.5357,624200
1402067958,92.4929,92.5486,92.4786,92.4957,426900
1402068241,92.5457,92.5614,92.5000,92.5057,363500
1402068540,92.5886,92.6000,92.5371,92.5543,449800
1402068899,92.6914,92.7414,92.5886,92.5971,1546400
1402069140,92.8039,92.8200,92.6929,92.6944,1348700
1402069448,92.7456,92.8480,92.6671,92.8129,1141700
1402069740,92.7500,92.7857,92.7100,92.7443,584700
1402070045,92.7514,92.7886,92.7229,92.7500,714600
1402070340,92.8129,92.8257,92.7457,92.7571,1054300
1402070640,92.8529,92.8643,92.8000,92.8171,1178500
1402070941,92.9429,92.9557,92.8443,92.8557,1584600
1402071241,92.8657,92.9657,92.7886,92.9457,1290800
1402071540,93.0000,93.0286,92.8700,92.8733,1404000
1402071840,92.9986,93.0200,92.9314,93.0043,791800
1402072146,92.9273,93.0371,92.9257,92.9986,830300
1402072440,92.8229,92.9757,92.7957,92.9400,772800
1402072740,92.8029,92.8471,92.7357,92.8457,757600
1402073042,92.7857,92.8043,92.7376,92.7986,542000
1402073347,92.7643,92.7900,92.7414,92.7814,382500
1402073640,92.8100,92.8300,92.7500,92.7669,654200
1402073941,92.8186,92.8500,92.8000,92.8171,555300
1402074241,92.5986,92.8286,92.4657,92.8236,1873200
1402074597,92.4093,92.6214,92.3100,92.5943,1436700
1402074840,92.1257,92.4143,92.0671,92.4106,2003900
1402075140,92.2571,92.3814,92.1086,92.1314,1795900
1402075440,92.3586,92.3686,92.2029,92.2600,676800
1402075740,92.3514,92.3843,92.2640,92.3571,659900
1402076040,92.4386,92.4557,92.3357,92.3771,946900
1402076341,92.3171,92.4441,92.2886,92.4414,573000
1402076641,92.3088,92.3814,92.2857,92.3114,567300
1402076940,92.2271,92.3414,92.1700,92.3200,861200
1402077241,92.2481,92.3086,92.1857,92.2171,747600
1402077541,92.2429,92.3086,92.2014,92.2543,478200
1402077840,92.2857,92.3029,92.2043,92.2397,1275800
1402078198,92.5057,92.5057,92.2615,92.2786,1096400
1402078440,92.4643,92.5171,92.4359,92.4900,506300
1402078740,92.5157,92.5671,92.4643,92.4643,556200
1402079099,92.6886,92.6914,92.4843,92.5214,860500
1402079394,92.5686,92.6814,92.5586,92.6786,734700
1402079699,92.4731,92.5800,92.4614,92.5671,716900
1402079940,92.5529,92.5714,92.4386,92.4700,527300
1402080240,92.5914,92.6100,92.5529,92.5529,585100
1402080540,92.6314,92.6571,92.5714,92.5966,593600
1402080843,92.6729,92.7186,92.6314,92.6350,979500
1402081143,92.6300,92.7314,92.6200,92.6821,579800
1402081442,92.5523,92.6429,92.4571,92.6368,1119300
1402081740,92.5957,92.6271,92.5429,92.5514,418300
1402082044,92.4457,92.6029,92.4457,92.5957,745300
1402082344,92.5914,92.6329,92.4432,92.4528,695000
1402082640,92.5414,92.6005,92.5143,92.6005,577900
1402082942,92.5429,92.5600,92.5100,92.5343,647000
1402083240,92.4486,92.5614,92.4486,92.5429,856200
1402083540,92.2171,92.4571,92.2171,92.4486,2105700
1402083840,92.2871,92.3062,92.2086,92.2171,1457700
1402084140,92.3186,92.4157,92.2800,92.2800,1415000
1402084440,92.2300,92.3829,92.2214,92.3229,1924500
1402084740,92.2243,92.2600,92.1743,92.2314,4205700
1402084800,92.2243,92.2243,92.2243,92.2243,2868800
1402320840,92.7450,92.9500,92.3100,92.7000,0
1402321140,92.7110,93.0800,92.6000,92.6891,2788600
1402321499,92.1700,92.7420,92.1600,92.7310,3051800
1402321740,92.4059,92.4500,92.1200,92.1600,1460200
1402322040,92.4442,92.5200,92.3500,92.4000,1109500
1402322399,92.3101,92.4800,92.2500,92.4500,906900
1402322640,92.1451,92.3500,92.0700,92.3200,1001600
1402322940,92.1500,92.3100,92.0800,92.1400,1024100
1402323240,91.9300,92.2400,91.8200,92.1500,1714300
1402323599,91.8235,91.9600,91.7500,91.9300,1175000
1402323840,91.8300,91.9200,91.7600,91.8265,745800
1402324177,92.2845,92.3000,91.8300,91.8301,1161000
1402324440,92.2800,92.3600,92.1900,92.3101,947000
1402324799,92.2700,92.3000,92.1600,92.2700,625500
1402325099,92.3700,92.4500,92.2600,92.2701,761300
1402325340,92.6136,92.6900,92.3500,92.3700,1162500
1402325699,92.6200,92.7500,92.5700,92.6100,833900
1402325940,92.6200,92.7000,92.5700,92.6100,638500
1402326240,92.6500,92.7000,92.4600,92.6200,740900
1402326540,92.5300,92.6500,92.4800,92.6500,546300
1402326840,92.6457,92.7300,92.5200,92.5300,578300
1402327199,92.8790,92.8800,92.6400,92.6500,826700
1402327440,92.8400,92.9300,92.7800,92.8700,907200
1402327740,92.8499,92.8900,92.7900,92.8300,740400
1402328040,92.9250,92.9800,92.8200,92.8490,711400
1402328399,93.0200,93.1000,92.9200,92.9300,1175300
1402328640,93.0600,93.1000,92.9400,93.0100,746200
1402328940,93.1599,93.1600,93.0450,93.0636,946900
1402329240,93.1240,93.1600,93.0500,93.1486,817900
1402329599,93.0100,93.1500,93.0000,93.1300,706300
1402329840,93.1780,93.1800,93.0100,93.0100,727800
1402330140,93.1300,93.2800,93.1200,93.1800,1037100
1402330499,93.1200,93.2000,93.0200,93.1485,668200
1402330741,93.1000,93.1300,93.0000,93.1200,979600
1402331040,93.2999,93.3000,93.0900,93.1099,935600
1402331340,93.3200,93.3500,93.2700,93.2999,827000
1402331640,93.4700,93.4800,93.3250,93.3250,970600
1402331940,93.5490,93.5700,93.3900,93.4800,1275400
1402332240,93.6000,93.6500,93.5000,93.5402,919300
1402332540,93.6000,93.6099,93.5000,93.5910,724000
1402332840,93.5500,93.6000,93.5300,93.5950,614500
1402333199,93.6950,93.7300,93.5400,93.5500,1015000
1402333441,93.6990,93.7000,93.6300,93.6990,683700
1402333799,93.6377,93.7000,93.6200,93.6968,542600
1402334040,93.7100,93.7500,93.6301,93.6350,797100
1402334340,93.7650,93.8000,93.6800,93.7050,733100
1402334640,93.7000,93.7800,93.6600,93.7700,722800
1402334940,93.4495,93.7100,93.4100,93.7000,1142900
1402335240,93.6000,93.6100,93.4399,93.4410,566100
1402335540,93.6350,93.7200,93.5510,93.6000,629100
1402335840,93.6356,93.6800,93.5900,93.6400,544700
1402336140,93.5800,93.6700,93.5600,93.6300,417500
1402336440,93.6553,93.7100,93.5200,93.5800,671700
1402336799,93.7600,93.8200,93.6500,93.6500,923700
1402337041,93.7571,93.8000,93.6600,93.7650,523700
1402337399,93.8100,93.8400,93.7400,93.7600,699400
1402337640,93.4650,93.8100,93.4500,93.8100,1136900
1402337940,93.5360,93.6500,93.4600,93.4600,801700
1402338240,93.5799,93.6100,93.5000,93.5400,624700
1402338540,93.3500,93.5800,93.3100,93.5790,943200
1402338840,93.4800,93.5600,93.3500,93.3600,551200
1402339140,93.6156,93.6300,93.4200,93.4700,533000
1402339440,93.6026,93.6500,93.5600,93.6150,417600
1402339740,93.5955,93.6300,93.5600,93.6050,358500
1402340099,93.6250,93.6800,93.5900,93.5932,388000
1402340340,93.6900,93.7300,93.6200,93.6210,502500
1402340640,93.5200,93.7000,93.4850,93.6900,702300
1402340940,93.7000,93.7000,93.5100,93.5200,556500
1402341299,93.6600,93.6910,93.6400,93.6900,346800
1402341599,93.7100,93.7600,93.6100,93.6568,641200
1402341840,93.7874,93.8000,93.7000,93.7100,694400
1402342140,93.8400,93.8600,93.7700,93.7899,827100
1402342440,93.7690,93.8800,93.7600,93.8400,925100
1402342740,93.7200,93.7700,93.7000,93.7656,708500
1402343040,93.7210,93.7800,93.7000,93.7250,546400
1402343340,93.7200,93.7500,93.7100,93.7200,586200
1402343699,93.6800,93.7900,93.6700,93.7200,1424800
1402343999,93.7000,93.7300,93.6200,93.6800,2051600
1402344000,93.7000,93.7000,93.7000,93.7000,1584500
1402407240,94.6800,94.7200,94.3500,94.5900,0
1402407540,94.7050,95.0500,94.6745,94.6900,3813200
1402407899,94.6300,94.7800,94.3500,94.7050,2544200
1402408140,94.2800,94.7700,94.2700,94.6310,1797900
1402408440,94.6280,94.6500,94.2700,94.2726,1447100
1402408740,94.3000,94.6500,94.1500,94.6200,1713400
1402409098,94.2701,94.3900,94.1300,94.3100,1399000
1402409340,94.5077,94.5500,94.2500,94.2800,1161100
1402409699,94.5100,94.5200,94.3300,94.5000,946300
1402409999,94.1600,94.5100,94.1300,94.5100,1095500
1402410240,94.1790,94.3000,94.1000,94.1600,1275300
1402410540,94.3300,94.4000,94.1700,94.1750,958100
1402410899,94.1420,94.3599,94.0500,94.3290,1065300
1402411199,93.9400,94.1500,93.9000,94.1400,1682600
1402411440,94.0800,94.1500,93.9300,93.9900,761000
1402411740,94.3050,94.3200,94.0100,94.0600,991300
1402412040,94.3100,94.3200,94.2100,94.3050,702900
1402412340,94.3000,94.4500,94.2600,94.3000,897000
1402412640,94.3250,94.3760,94.2800,94.3000,496500
1402412940,94.3333,94.3500,94.2500,94.3200,559800
1402413299,94.3250,94.4500,94.3100,94.3400,941100
1402413542,94.2610,94.3500,94.2600,94.3300,660000
1402413840,94.3000,94.3500,94.1466,94.2600,602800
1402414140,94.2499,94.4000,94.2300,94.3000,624300
1402414441,94.1700,94.2600,94.1200,94.2490,621700
1402414740,94.1500,94.2000,94.0700,94.1800,603300
1402415099,94.1800,94.2300,94.1300,94.1500,524500
1402415340,94.0746,94.1800,94.0700,94.1768,633600
1402415640,93.8500,94.0800,93.8200,94.0780,1314800
1402415940,93.9900,94.0000,93.7500,93.8500,786600
1402416299,93.8100,93.9970,93.8000,93.9900,489500
1402416540,93.6699,93.8150,93.5700,93.8000,989500
1402416840,93.6800,93.7800,93.6200,93.6650,672700
1402417140,93.8300,93.9000,93.6500,93.6700,624600
1402417499,93.7200,93.8600,93.6800,93.8300,527200
1402417740,93.8260,93.8799,93.6600,93.7300,397700
1402418099,93.8800,93.8800,93.7100,93.8250,581100
1402418341,93.8800,93.9400,93.8600,93.8800,377500
1402418699,93.7600,93.8800,93.7300,93.8790,385500
1402418940,93.7600,93.7699,93.6600,93.7499,368900
1402419240,93.6700,93.7600,93.6200,93.7501,532200
1402419541,93.8000,93.8200,93.6100,93.6778,411900
1402419840,93.8600,93.8900,93.7600,93.8000,407000
1402420141,93.9300,93.9600,93.8100,93.8566,407500
1402420440,93.8600,93.9300,93.8200,93.9200,259900
1402420741,93.7200,93.8700,93.6600,93.8600,438100
1402421099,93.8600,93.8700,93.6800,93.7200,319200
1402421340,93.7790,93.8900,93.7500,93.8500,297900
1402421640,93.9050,93.9300,93.7600,93.7700,359300
1402421941,93.9300,94.0000,93.9000,93.9000,384700
1402422299,93.9500,94.0200,93.9300,93.9396,367500
1402422543,93.9800,93.9900,93.9000,93.9400,426900
1402422840,93.9300,93.9900,93.9200,93.9801,204900
1402423199,93.9900,94.0100,93.9000,93.9210,369000
1402423440,93.9980,94.0000,93.9600,93.9800,211600
1402423740,93.9699,94.0000,93.9400,93.9967,302800
1402424041,93.9999,94.0000,93.9200,93.9700,303100
1402424341,94.1300,94.1900,93.9900,94.0000,678700
1402424640,94.1000,94.2000,94.1000,94.1300,524600
1402424941,94.1599,94.1650,94.0300,94.1000,352300
1402425240,94.1350,94.1600,94.0900,94.1600,322300
1402425540,94.2000,94.2500,94.1300,94.1300,503200
1402425840,94.0850,94.2100,94.0686,94.2054,402200
1402426199,94.1990,94.2100,94.0800,94.0900,308400
1402426440,94.1900,94.2000,94.1700,94.2000,245100
1402426740,94.1975,94.2000,94.1700,94.1900,311000
1402427041,94.2199,94.2400,94.1800,94.1900,323700
1402427340,94.1700,94.2200,94.1300,94.2150,320700
1402427641,94.1900,94.2000,94.1500,94.1690,475700
1402427940,94.2099,94.2200,94.1700,94.1850,290500
1402428240,94.1865,94.2600,94.1800,94.2046,553400
1402428599,94.1899,94.2000,94.1000,94.1890,489100
1402428840,94.1900,94.2000,94.1600,94.1880,378400
1402429140,94.1850,94.2000,94.1600,94.1900,509300
1402429498,94.1860,94.2300,94.1800,94.1899,700300
1402429740,94.1900,94.2000,94.1600,94.1900,522200
1402430099,94.2400,94.2500,94.1900,94.1900,974000
1402430399,94.2500,94.2500,94.2000,94.2400,1408400
1402430400,94.2500,94.2500,94.2500,94.2500,100
1402493698,94.1500,94.2100,93.9531,94.1300,0
1402493999,94.1500,94.3790,94.0400,94.1700,1352000
1402494299,94.2080,94.2900,94.0100,94.1450,1472100
1402494540,94.3560,94.4100,94.1900,94.2000,1088800
1402494840,94.3400,94.5400,94.3100,94.3500,1460800
1402495140,94.5300,94.5400,94.3200,94.3200,954500
1402495440,94.6800,94.7000,94.4900,94.5284,1169600
1402495740,94.5690,94.7000,94.5200,94.6800,1085200
1402496040,94.7200,94.7400,94.5500,94.5700,827000
1402496399,94.6499,94.7600,94.5800,94.7300,673300
1402496699,94.6200,94.6800,94.6000,94.6600,422700
1402496999,94.4500,94.6225,94.3600,94.6100,857300
1402497240,94.5000,94.5600,94.4200,94.4400,646300
1402497599,94.4850,94.5700,94.4000,94.5100,481200
1402497840,94.5100,94.6000,94.4700,94.4880,520500
1402498199,94.2600,94.5100,94.2000,94.5100,1136000
1402498440,94.2300,94.3100,94.1100,94.2500,919900
1402498740,94.3200,94.3900,94.2100,94.2299,573000
1402499099,94.3300,94.4300,94.3000,94.3290,394900
1402499340,94.2550,94.3300,94.2000,94.3300,462400
1402499640,94.2650,94.2800,94.1500,94.2590,632400
1402499941,94.2249,94.3000,94.1700,94.2610,440400
1402500240,94.2500,94.2700,94.2068,94.2300,295300
1402500540,94.3000,94.3400,94.2200,94.2580,458600
1402500840,94.2299,94.3200,94.2200,94.3000,424600
1402501140,94.3100,94.3400,94.2200,94.2300,297500
1402501499,94.2100,94.3399,94.2100,94.3200,297500
1402501740,94.3001,94.3400,94.2100,94.2110,249200
1402502099,94.4400,94.4500,94.2900,94.3000,418800
1402502399,94.3899,94.4500,94.3300,94.4347,338300
1402502640,94.3380,94.3999,94.3299,94.3800,228800
1402502940,94.3200,94.3400,94.2900,94.3400,256900
1402503240,94.3000,94.4000,94.2900,94.3187,281700
1402503540,94.3600,94.3900,94.2900,94.3000,222200
1402503899,94.3000,94.3700,94.2900,94.3600,149700
1402504140,94.2000,94.3000,94.2000,94.2900,412800
1402504440,94.2400,94.2700,94.1800,94.2010,355700
1402504741,94.2560,94.2700,94.2400,94.2451,144800
1402505040,94.2598,94.3200,94.2400,94.2500,245300
1402505399,94.2599,94.3600,94.2200,94.2600,280600
1402505640,94.3844,94.3900,94.2500,94.2599,201600
1402505940,94.3949,94.4300,94.3400,94.3800,249800
1402506298,94.2600,94.4000,94.2400,94.3950,286300
1402506541,94.3300,94.3500,94.2600,94.2700,197900
1402506842,94.2500,94.3300,94.2300,94.3300,167300
1402507199,94.3099,94.3200,94.2100,94.2500,225600
1402507440,94.2600,94.3200,94.2300,94.3000,448900
1402507740,94.2700,94.2800,94.2100,94.2600,218500
1402508099,94.3000,94.3100,94.2500,94.2600,225200
1402508342,94.2650,94.3100,94.2500,94.2990,166800
1402508640,94.2600,94.2700,94.2000,94.2610,283400
1402508999,94.1000,94.3000,94.0900,94.2500,431400
1402509240,94.0200,94.1500,94.0100,94.1000,473800
1402509599,93.7200,94.0200,93.7200,94.0199,1243300
1402509840,93.7400,93.8500,93.7000,93.7300,848900
1402510140,93.5799,94.0000,93.5500,93.7400,864900
1402510440,93.5699,93.6000,93.4800,93.5750,1119000
1402510740,93.6150,93.6500,93.5000,93.5629,604400
1402511099,93.6500,93.6800,93.5200,93.6150,461800
1402511399,93.7368,93.7800,93.6100,93.6499,634300
1402511641,93.7800,93.8500,93.6900,93.7310,464100
1402511940,93.8100,93.8300,93.7200,93.7700,312400
1402512240,93.7750,93.8200,93.6900,93.8200,306200
1402512599,93.8000,93.9300,93.7600,93.7800,539500
1402512840,93.8399,93.8400,93.7500,93.7900,242400
1402513141,93.8010,93.8300,93.7200,93.8300,195200
1402513499,93.8100,93.8600,93.7900,93.8002,320500
1402513741,93.7100,93.8200,93.7100,93.8190,289800
1402514040,93.7100,93.7600,93.7000,93.7180,304600
1402514399,93.7499,93.7700,93.7000,93.7080,264000
1402514640,93.7544,93.7800,93.7100,93.7500,224100
1402514999,93.8999,93.9000,93.7300,93.7526,466000
1402515240,93.9100,93.9890,93.9000,93.9000,505300
1402515599,93.8100,93.9500,93.7900,93.9147,444100
1402515841,93.8890,93.9300,93.8000,93.8078,451800
1402516140,93.8932,93.9300,93.8600,93.8800,453700
1402516440,93.8441,93.9300,93.8200,93.8950,701900
1402516799,93.8700,93.8700,93.7300,93.8499,1412000
1402516800,93.8700,93.8700,93.8700,93.8700,200
1402580040,93.5801,94.1200,93.5400,94.0000,0
1402580399,93.5400,93.6900,93.3100,93.6100,1430100
1402580699,93.4680,93.5500,93.3700,93.5400,1069300
1402580941,93.6400,93.7500,93.4200,93.4700,813100
1402581240,93.9000,93.9200,93.5800,93.6500,706500
1402581599,93.7700,93.9000,93.7100,93.8990,681200
1402581840,93.7950,93.8400,93.6300,93.7500,569500
1402582199,93.7400,93.8000,93.6699,93.7999,412200
1402582499,93.5801,93.7868,93.5800,93.7300,488400
1402582742,93.4810,93.5900,93.4200,93.5899,585600
1402583040,93.6571,93.6800,93.4600,93.4810,434300
1402583399,93.3200,93.6729,93.3100,93.6600,589200
1402583641,93.4080,93.5300,93.2300,93.3200,798800
1402583998,93.3300,93.4680,93.2700,93.4099,461200
1402584299,93.2300,93.3599,93.1200,93.3400,764300
1402584540,93.1150,93.2900,93.0600,93.2400,666600
1402584840,93.2500,93.2800,93.1100,93.1200,660900
1402585141,93.3800,93.3800,93.2100,93.2516,433600
1402585499,93.4599,93.4600,93.3300,93.3800,383900
1402585741,93.3850,93.4700,93.3200,93.4599,389400
1402586041,93.3301,93.4500,93.3000,93.3810,305900
1402586399,93.2501,93.4000,93.2500,93.3300,306300
1402586640,93.2200,93.2900,93.2200,93.2600,270100
1402586999,93.2950,93.3000,93.1400,93.2200,592800
1402587240,93.2520,93.3000,93.2200,93.2978,397800
1402587540,93.2800,93.2900,93.2300,93.2500,258500
1402587898,93.2350,93.2820,93.2250,93.2800,217900
1402588141,93.1800,93.2450,93.1800,93.2400,293000
1402588440,93.1550,93.2099,93.1500,93.1900,327800
1402588742,93.0840,93.1599,93.0800,93.1500,443700
1402589099,93.1200,93.1500,93.0600,93.0800,485300
1402589398,93.1000,93.1300,93.0800,93.1231,291400
1402589699,92.8195,93.1100,92.8100,93.1100,1730600
1402589940,92.8799,92.9100,92.7400,92.8200,1017100
1402590299,92.9200,92.9800,92.8600,92.8700,572400
1402590540,92.9869,93.0000,92.9100,92.9200,392200
1402590899,92.8700,92.9900,92.8600,92.9880,333600
1402591140,92.8274,92.9036,92.8200,92.8701,317000
1402591440,92.7200,92.8500,92.7000,92.8300,469800
1402591799,92.6050,92.7600,92.6000,92.7200,843600
1402592040,92.3400,92.6100,92.3300,92.6100,1395900
1402592399,92.5199,92.5200,92.2800,92.3500,1072000
1402592641,92.4600,92.5500,92.4100,92.5200,489600
1402592999,92.3700,92.4670,92.3000,92.4610,552300
1402593240,92.2400,92.4100,92.2200,92.3700,825700
1402593540,92.3399,92.4500,92.2100,92.2400,601900
1402593840,92.1199,92.3399,92.1000,92.3399,834400
1402594199,92.2336,92.2700,92.1100,92.1200,718600
1402594440,92.3680,92.4200,92.2300,92.2300,585900
1402594741,92.2899,92.3700,92.1800,92.3600,495400
1402595099,92.3101,92.3400,92.1900,92.2800,617600
1402595399,92.2099,92.3500,92.1700,92.3100,600900
1402595699,92.2399,92.2800,92.0700,92.2000,558500
1402595999,92.2500,92.3000,92.1600,92.2350,1384100
1402596241,92.2050,92.2700,92.2000,92.2400,513200
1402596540,91.9600,92.2200,91.9000,92.2099,2552700
1402596840,91.9600,92.0400,91.9400,91.9500,723900
1402597199,92.0950,92.1500,91.9600,91.9650,641200
1402597499,91.9650,92.1000,91.9600,92.1000,522400
1402597740,92.0650,92.0700,91.9600,91.9650,369800
1402598040,91.9800,92.0700,91.9000,92.0700,596600
1402598340,92.0300,92.0300,91.9000,91.9750,536100
1402598640,92.1530,92.2200,92.0250,92.0300,516600
1402598941,92.2400,92.2400,92.1410,92.1600,398400
1402599240,92.3050,92.3100,92.1500,92.2400,597200
1402599540,92.3300,92.3500,92.2000,92.3200,473000
1402599841,92.2275,92.3300,92.1700,92.3300,460900
1402600199,92.1000,92.2300,92.1000,92.2200,439400
1402600440,92.1999,92.2100,92.0000,92.1090,659400
1402600741,92.1500,92.2200,92.1500,92.2000,407700
1402601040,92.3200,92.3400,92.1100,92.1500,600300
1402601340,92.2351,92.3200,92.1700,92.3100,706600
1402601640,92.2774,92.2800,92.2200,92.2400,607900
1402601941,92.0700,92.3000,92.0500,92.2800,546900
1402602299,92.1700,92.1800,92.0100,92.0800,688600
1402602598,92.1100,92.2100,92.0400,92.1800,946500
1402602897,92.1100,92.2000,92.0600,92.1200,1042400
1402603199,92.2700,92.2900,92.1100,92.1300,2155800
1402603200,92.2600,92.2600,92.2600,92.2600,1136600
1402666440,92.0600,92.2500,91.7000,92.1900,0
1402666740,92.0200,92.4400,91.9300,92.0400,1434300
1402667040,92.0800,92.2500,91.8800,92.0200,1224200
1402667399,92.0700,92.2500,91.9510,92.0900,867600
1402667699,91.8771,92.0800,91.7800,92.0800,842400
1402667940,91.7460,91.9000,91.6700,91.8799,1184800
1402668240,91.3000,91.7800,91.2800,91.7447,2047900
1402668599,91.5620,91.5700,91.2900,91.3000,1483700
1402668899,91.4000,91.5800,91.3600,91.5700,918100
1402669140,91.8150,91.8400,91.3800,91.3920,917500
1402669440,91.9001,91.9400,91.6700,91.8200,1104500
1402669799,91.8600,91.9500,91.8101,91.9030,472800
1402670040,91.8900,92.0000,91.7600,91.8799,706600
1402670340,91.7000,91.9100,91.6400,91.8900,591900
1402670640,91.8800,91.9900,91.6500,91.6900,724600
1402670999,91.8600,91.9260,91.7300,91.8900,446600
1402671298,91.9000,91.9500,91.7600,91.8600,610000
1402671540,92.1200,92.1400,91.8774,91.9000,826800
1402671841,92.0000,92.1500,91.8950,92.1200,556700
1402672141,92.0100,92.0300,91.9100,92.0000,376500
1402672499,91.9300,92.0500,91.8400,92.0300,410600
1402672740,91.8036,92.0000,91.7500,91.9200,394600
1402673041,91.9000,91.9400,91.7500,91.7900,287800
1402673399,91.8636,91.9099,91.8200,91.9000,335700
1402673699,91.8800,91.9100,91.8280,91.8700,299200
1402673940,91.8000,91.8900,91.7700,91.8800,373000
1402674240,91.6100,91.8200,91.5600,91.8000,653500
1402674541,91.5300,91.6100,91.4900,91.6010,660300
1402674840,91.4200,91.5400,91.4200,91.5399,566400
1402675141,91.5099,91.5360,91.4000,91.4300,615700
1402675442,91.6900,91.7000,91.4800,91.5100,484900
1402675799,91.8100,91.8400,91.6800,91.6800,412500
1402676040,91.7400,91.8500,91.7000,91.8000,339000
1402676346,91.7500,91.7900,91.6500,91.7300,450700
1402676640,91.7400,91.7750,91.7300,91.7600,224100
1402676940,91.6944,91.7500,91.6450,91.7300,290400
1402677240,91.6300,91.7000,91.5800,91.7000,221700
1402677540,91.5700,91.6500,91.5000,91.6300,331400
1402677840,91.5700,91.6300,91.4900,91.5800,479800
1402678140,91.6000,91.6750,91.5500,91.5788,373800
1402678440,91.6100,91.6600,91.5100,91.6023,203300
1402678799,91.4628,91.6100,91.4600,91.6050,354500
1402679040,91.5700,91.5800,91.4600,91.4600,386200
1402679399,91.4700,91.5800,91.4700,91.5700,299200
1402679640,91.5000,91.5100,91.4400,91.4700,363700
1402679940,91.4900,91.5200,91.4500,91.5090,339000
1402680299,91.4700,91.5000,91.4600,91.4900,216100
1402680599,91.3500,91.4700,91.3300,91.4700,546200
1402680840,91.3370,91.4200,91.3200,91.3500,398100
1402681199,91.3000,91.3500,91.2900,91.3300,414600
1402681440,91.2900,91.3400,91.2500,91.3000,617800
1402681799,91.1900,91.3400,91.1800,91.2901,723900
1402682040,91.4500,91.4600,91.1500,91.1900,651900
1402682340,91.4520,91.5000,91.3800,91.4526,384400
1402682641,91.5500,91.5700,91.4100,91.4500,322600
1402682940,91.6501,91.6900,91.5100,91.5600,509800
1402683240,91.5400,91.7000,91.5300,91.6600,426700
1402683544,91.5400,91.5800,91.5200,91.5400,303800
1402683840,91.4210,91.5500,91.4200,91.5400,452800
1402684199,91.4900,91.5000,91.4100,91.4300,430300
1402684499,91.4200,91.5000,91.3800,91.5000,302200
1402684740,91.4220,91.4901,91.4000,91.4200,287800
1402685040,91.4236,91.5000,91.4200,91.4250,300700
1402685341,91.4000,91.4500,91.3800,91.4300,376200
1402685698,91.4850,91.5000,91.3600,91.4000,418700
1402685940,91.3400,91.5000,91.3400,91.4800,640100
1402686299,91.4500,91.5000,91.3300,91.3500,756000
1402686542,91.4300,91.4700,91.4100,91.4600,379500
1402686840,91.3700,91.4500,91.3300,91.4300,379700
1402687140,91.2900,91.4300,91.2800,91.3680,543500
1402687440,91.1100,91.3000,91.0600,91.3000,1010700
1402687799,90.9274,91.1900,90.8800,91.1200,1754500
1402688040,91.0900,91.0900,90.9100,90.9300,781700
1402688340,91.0400,91.1400,90.9700,91.0900,697000
1402688640,91.0000,91.0600,90.9700,91.0500,611000
1402688999,91.0100,91.0751,90.9450,90.9900,917200
1402689240,91.1800,91.2000,91.0200,91.0200,1288400
1402689540,91.2800,91.2800,91.1600,91.1900,2109200
1402689600,91.2601,91.2800,91.2601,91.2800,0
