1401716040,63.2600,63.5900,63.2000,63.2200,1597200
1401716399,62.8600,63.2700,62.7700,63.2650,1264600
1401716640,62.8080,63.1200,62.8000,62.8600,864300
1401716987,62.6200,62.8679,62.6200,62.8090,956700
1401717299,62.9100,62.9400,62.6400,62.7400,778900
1401717599,62.7300,62.9800,62.6800,62.9080,511300
1401717899,62.5767,62.7585,62.5300,62.7300,805300
1401718199,62.0600,62.6500,62.0500,62.5799,1585500
1401718440,62.3799,62.3800,62.0500,62.0650,1143500
1401718799,62.6100,62.6400,62.3400,62.3700,831600
1401719040,62.4901,62.6300,62.4300,62.6000,644000
1401719399,62.5120,62.6400,62.4100,62.4900,549000
1401719640,62.6500,62.7500,62.5000,62.5100,669000
1401719998,62.7650,62.8000,62.6500,62.6500,523100
1401720240,62.5410,62.8400,62.5100,62.7700,783100
1401720599,62.2928,62.5320,62.2300,62.5310,926300
1401720899,62.3600,62.4400,62.2600,62.2900,517500
1401721140,62.5200,62.5600,62.3000,62.3700,487700
1401721499,62.5600,62.6300,62.4800,62.5300,467400
1401721741,62.5700,62.6900,62.5200,62.5699,499400
1401722040,62.6400,62.7000,62.5800,62.5800,427000
1401722398,62.5579,62.6600,62.4799,62.6500,259300
1401722697,62.5550,62.6400,62.5200,62.5600,242000
1401722940,62.8400,62.8700,62.5400,62.5500,457000
1401723296,62.7900,62.9000,62.7200,62.8400,502400
1401723599,62.8300,62.8500,62.7200,62.7820,316700
1401723897,62.9100,63.0210,62.8300,62.8300,657500
1401724198,62.9925,63.0200,62.9000,62.9100,387900
1401724499,63.1101,63.1600,62.9997,63.0000,807700
1401724797,63.1200,63.1400,63.0500,63.1200,494400
1401725040,63.0800,63.1500,63.0300,63.1275,326600
1401725398,63.0800,63.1400,63.0700,63.0900,220800
1401725697,63.1000,63.1800,63.0700,63.0800,377300
1401725940,62.9600,63.1300,62.9300,63.0999,401500
1401726243,62.9900,63.1100,62.9200,62.9510,337200
1401726599,62.9699,62.9900,62.8800,62.9900,237400
1401726840,62.9950,63.0200,62.9200,62.9700,241000
1401727141,62.9400,63.0100,62.9200,62.9900,181200
1401727444,62.9800,62.9820,62.9100,62.9400,156900
1401727740,63.0700,63.1000,62.9600,62.9800,304200
1401728040,62.9800,63.1100,62.9800,63.0799,288200
1401728396,63.0600,63.0800,62.9700,62.9900,173300
1401728699,63.0299,63.0800,63.0000,63.0500,127400
1401728941,63.0700,63.0800,62.9200,63.0300,307100
1401729240,62.9700,63.0800,62.9600,63.0703,131100
1401729599,62.9500,63.0217,62.9300,62.9700,157300
1401729841,62.8950,62.9427,62.8200,62.9400,348000
1401730146,62.9400,62.9900,62.8900,62.8900,192900
1401730492,62.9200,62.9600,62.8701,62.9400,143200
1401730742,62.8200,62.9500,62.7600,62.9100,294000
1401731041,62.6500,62.8600,62.6400,62.8100,515200
1401731340,62.7500,62.8056,62.6100,62.6401,250200
1401731699,62.7300,62.8620,62.7200,62.7500,342400
1401731940,62.8300,62.8600,62.7200,62.7370,271700
1401732240,62.7600,62.8300,62.7473,62.8200,155200
1401732599,62.6700,62.7980,62.6600,62.7500,244100
1401732898,62.6723,62.7900,62.5800,62.6783,401600
1401733140,62.7200,62.7300,62.5600,62.6800,341400
1401733445,62.7580,62.7900,62.6800,62.7300,280100
1401733743,62.7500,62.8500,62.7300,62.7500,221400
1401734099,62.8100,62.8773,62.7400,62.7500,275100
1401734348,62.8300,62.8500,62.7800,62.8100,195500
1401734698,62.8101,62.8600,62.7300,62.8300,268500
1401734941,62.8699,62.8900,62.7600,62.8100,249800
1401735299,62.8850,62.8900,62.8100,62.8700,121100
1401735599,62.8581,62.9100,62.7500,62.8800,245600
1401735840,62.9100,62.9300,62.7900,62.8500,234100
1401736199,63.0500,63.0500,62.9101,62.9101,495500
1401736441,62.8700,63.1000,62.8700,63.0500,453500
1401736799,62.9700,62.9800,62.8600,62.8700,304100
1401737095,63.0200,63.0400,62.9300,62.9800,205600
1401737399,62.9700,63.0700,62.9450,63.0100,309700
1401737641,63.0100,63.0800,62.9300,62.9650,342400
1401737999,62.9650,63.0400,62.9400,63.0100,253300
1401738240,63.0400,63.0500,62.9600,62.9700,256700
1401738542,63.0500,63.0900,63.0300,63.0500,327600
1401738840,63.0800,63.0900,63.0100,63.0600,401400
1401739140,63.0700,63.1000,63.0000,63.0700,853100
1401739200,63.0800,63.0800,63.0800,63.0800,970000
1401802498,62.7600,62.8900,62.5600,62.5600,0
1401802799,62.7600,62.8000,62.4500,62.7600,979600
1401803099,63.0800,63.0800,62.7500,62.7600,1108300
1401803340,63.0000,63.1800,62.9500,63.0800,936500
1401803699,63.1600,63.2600,62.9740,63.0000,784800
1401803999,63.3600,63.4200,63.1500,63.1700,1001300
1401804299,63.2800,63.4000,63.1500,63.3600,919600
1401804599,63.2400,63.3700,63.2000,63.2800,558000
1401804840,63.1773,63.2700,63.1200,63.2500,613300
1401805199,63.0899,63.3200,63.0200,63.1800,685600
1401805499,63.0900,63.1400,62.9600,63.0827,763400
1401805799,63.0801,63.2000,63.0100,63.1000,506400
1401806098,63.1000,63.1900,63.0400,63.0899,413900
1401806340,63.0500,63.1700,63.0200,63.0900,379500
1401806699,62.8900,63.1000,62.8000,63.0501,725900
1401806941,62.9800,63.0000,62.8000,62.8900,557100
1401807299,62.8100,63.0399,62.8100,62.9600,485800
1401807599,62.9200,62.9400,62.7500,62.8199,606700
1401807842,62.9200,62.9300,62.8398,62.9200,245900
1401808199,62.9100,63.0100,62.9000,62.9215,339000
1401808496,62.9200,62.9600,62.8600,62.9100,213300
1401808799,62.8337,62.9900,62.8300,62.9300,216200
1401809043,62.8800,62.9400,62.7500,62.8300,391000
1401809340,62.7301,62.8785,62.7200,62.8700,297000
1401809699,62.6995,62.7500,62.6300,62.7200,501500
1401809999,62.5200,62.6999,62.5100,62.6999,529400
1401810298,62.5335,62.6100,62.3200,62.5200,1057500
1401810542,62.6351,62.6800,62.5200,62.5350,429500
1401810898,62.6700,62.7100,62.6200,62.6390,390300
1401811199,62.7000,62.7400,62.6500,62.6799,242100
1401811441,62.8000,62.8400,62.6400,62.7050,386800
1401811799,62.7000,62.8200,62.6850,62.8200,338200
1401812099,62.7700,62.7800,62.6300,62.7150,359500
1401812340,62.7200,62.7900,62.6900,62.7600,187300
1401812642,62.7900,62.8300,62.7200,62.7250,265600
1401812940,62.7200,62.7900,62.7000,62.7900,168400
1401813295,62.6751,62.7400,62.6500,62.7200,212100
1401813599,62.6150,62.6900,62.5950,62.6700,197700
1401813842,62.5800,62.6700,62.5610,62.6200,218300
1401814142,62.6015,62.6500,62.5800,62.5800,151200
1401814444,62.5900,62.6200,62.5400,62.6100,179900
1401814745,62.6000,62.6200,62.5550,62.5810,179600
1401815099,62.5986,62.6200,62.5700,62.5900,102800
1401815340,62.9050,62.9500,62.5740,62.5900,626100
1401815699,63.0000,63.0500,62.8800,62.9000,706300
1401815942,62.9500,63.0600,62.8800,63.0100,487300
1401816299,63.0203,63.0300,62.9100,62.9500,216900
1401816599,63.0800,63.1000,63.0000,63.0285,491800
1401816899,63.0401,63.0900,62.9600,63.0800,233900
1401817196,63.0456,63.0700,62.9500,63.0400,310900
1401817440,63.0401,63.0600,63.0000,63.0483,191800
1401817799,62.9201,63.0410,62.9200,63.0400,214200
1401818099,62.9817,62.9899,62.9100,62.9249,187100
1401818399,62.9750,62.9900,62.9500,62.9900,127600
1401818699,62.9601,63.0100,62.9300,62.9700,138700
1401818999,63.0400,63.0400,62.9300,62.9300,132700
1401819240,63.0500,63.1100,63.0200,63.0200,681600
1401819599,63.1500,63.1700,63.0300,63.0500,328500
1401819840,63.1300,63.1900,63.1200,63.1500,260400
1401820140,63.0800,63.1801,63.0700,63.1300,274000
1401820499,63.0200,63.0801,63.0050,63.0800,234200
1401820799,62.9900,63.0800,62.9700,63.0300,258400
1401821088,62.9900,63.0100,62.9600,62.9800,96900
1401821399,62.8452,63.0100,62.8400,62.9900,340800
1401821699,62.8600,62.8800,62.7600,62.8400,355600
1401821997,62.8000,62.8600,62.7700,62.8600,293600
1401822247,62.7899,62.8090,62.7200,62.8000,373900
1401822599,62.7700,62.7900,62.7403,62.7800,118800
1401822840,62.8600,62.8600,62.7600,62.7700,209500
1401823141,62.8600,62.8690,62.8000,62.8600,175700
1401823440,62.9467,62.9500,62.8505,62.8600,270500
1401823742,62.8850,62.9600,62.8800,62.9500,224400
1401824094,62.8400,62.9100,62.8200,62.8800,215600
1401824340,62.8800,62.9000,62.8300,62.8350,235400
1401824640,62.8750,62.9250,62.8650,62.8800,208900
1401824998,62.9200,62.9400,62.8600,62.8700,326500
1401825240,62.9699,62.9700,62.9300,62.9300,471400
1401825540,62.8600,62.9700,62.8500,62.9600,729700
1401825600,62.8700,62.8700,62.8700,62.8700,226800
1401888899,62.5060,62.5800,62.2100,62.4800,0
1401889199,62.4000,62.5500,62.2200,62.5000,926500
1401889499,62.1600,62.3850,62.0800,62.3850,1007100
1401889799,62.4480,62.5200,62.0700,62.1500,1828600
1401890099,62.6400,62.8000,62.4233,62.4500,1406700
1401890399,62.7500,62.8600,62.6200,62.6400,946800
1401890699,62.7400,62.8700,62.6300,62.7501,862500
1401890998,62.7600,62.8000,62.6300,62.7301,464400
1401891299,63.0800,63.1000,62.7400,62.7700,1208100
1401891540,63.1699,63.2500,63.0500,63.0700,1256300
1401891899,63.0300,63.1900,63.0100,63.1610,712900
1401892199,62.9700,63.1000,62.9500,63.0300,657100
1401892441,62.9900,63.0900,62.9400,62.9700,525200
1401892741,63.0700,63.0900,62.9700,62.9900,294300
1401893044,63.0000,63.1000,62.9700,63.0600,397100
1401893340,63.0299,63.1200,62.9900,63.0000,302300
1401893640,63.3400,63.3900,63.0200,63.0250,1038700
1401893999,63.2900,63.3500,63.2600,63.3500,450100
1401894299,63.3110,63.3500,63.2300,63.3000,456600
1401894599,63.2250,63.3250,63.2100,63.3100,380600
1401894899,63.2500,63.2500,63.1700,63.2233,253300
1401895199,63.2750,63.2900,63.2100,63.2400,304400
1401895440,63.3500,63.3800,63.2700,63.2750,497800
1401895740,63.4200,63.4600,63.3350,63.3500,617800
1401896099,63.4480,63.4700,63.3650,63.4101,366500
1401896340,63.4200,63.4600,63.3900,63.4485,329500
1401896640,63.3600,63.4400,63.3200,63.4200,390500
1401896999,63.3900,63.4600,63.3500,63.3640,297000
1401897298,63.4099,63.4200,63.3600,63.3820,227700
1401897545,63.4300,63.4600,63.3900,63.4000,337000
1401897898,63.4700,63.4900,63.3800,63.4280,303400
1401898142,63.4475,63.5100,63.4300,63.4600,573800
1401898440,63.4000,63.4600,63.3700,63.4500,267400
1401898799,63.3388,63.4000,63.3100,63.4000,397900
1401899040,63.3400,63.3700,63.2700,63.3301,324400
1401899399,63.3195,63.3800,63.2900,63.3400,214900
1401899699,63.2983,63.3300,63.2600,63.3138,212600
1401899998,63.1900,63.3100,63.1500,63.2999,526400
1401900299,63.3700,63.3700,63.1900,63.1900,331500
1401900598,63.3500,63.3700,63.3300,63.3700,199600
1401900841,63.3601,63.3700,63.3200,63.3500,166900
1401901198,63.3100,63.3700,63.2800,63.3700,120500
1401901499,63.3600,63.3900,63.2800,63.3100,203200
1401901746,63.3650,63.4000,63.3300,63.3600,292800
1401902097,63.3300,63.3700,63.3100,63.3600,123900
1401902341,63.3200,63.3900,63.3200,63.3399,174900
1401902699,63.3200,63.3500,63.2700,63.3199,243900
1401902999,63.3050,63.3400,63.2800,63.3200,133000
1401903240,63.3600,63.3900,63.2900,63.3000,151900
1401903542,63.4200,63.4400,63.3600,63.3600,374000
1401903840,63.4248,63.4856,63.4200,63.4299,390300
1401904199,63.3600,63.4400,63.3400,63.4200,337000
1401904440,63.4600,63.4700,63.3600,63.3600,354900
1401904742,63.5500,63.5900,63.4600,63.4650,597200
1401905099,63.4500,63.5410,63.4400,63.5401,222600
1401905340,63.5233,63.5650,63.4430,63.4550,266000
1401905640,63.5627,63.5800,63.4801,63.5300,202200
1401905943,63.5373,63.5580,63.4950,63.5580,193900
1401906242,63.3914,63.5400,63.3520,63.5400,423600
1401906544,63.3800,63.4300,63.3550,63.3900,221000
1401906840,63.3400,63.3900,63.3000,63.3800,271800
1401907140,63.3920,63.4100,63.3100,63.3500,154000
1401907496,63.4000,63.4215,63.3600,63.3900,163800
1401907796,63.3500,63.4400,63.3200,63.4050,195900
1401908043,63.3800,63.4200,63.3300,63.3403,347600
1401908398,63.4800,63.4800,63.3500,63.3700,309000
1401908640,63.4800,63.5700,63.4700,63.4800,466200
1401908940,63.4800,63.5100,63.4250,63.4800,215000
1401909299,63.3800,63.5100,63.3800,63.4800,322800
1401909597,63.3640,63.4200,63.3300,63.3900,255400
1401909840,63.3700,63.4000,63.3300,63.3700,206600
1401910140,63.3733,63.4100,63.3400,63.3800,215100
1401910499,63.3450,63.4400,63.3450,63.3800,292900
1401910740,63.4200,63.4500,63.3600,63.3600,267300
1401911097,63.3790,63.4400,63.3600,63.4250,227100
1401911399,63.2699,63.3800,63.2200,63.3800,551000
1401911640,63.3500,63.3800,63.2700,63.2700,495000
1401911940,63.3400,63.3950,63.3000,63.3500,868300
1401912000,63.3400,63.3400,63.3400,63.3400,1473200
1401975299,63.8600,63.9600,63.5100,63.6100,0
1401975599,63.6900,63.9900,63.5600,63.8600,1664000
1401975899,63.5300,63.6700,63.3500,63.6700,1414300
1401976197,63.6500,63.7500,63.5100,63.5200,701000
1401976499,63.5299,63.7900,63.4700,63.6500,975500
1401976799,63.4200,63.5900,63.1800,63.5300,1103300
1401977099,63.2600,63.4900,63.2300,63.4300,587300
1401977399,63.2698,63.4000,63.1900,63.2500,602600
1401977640,63.0700,63.3300,62.8200,63.2501,943100
1401977940,63.1799,63.1900,62.9200,63.0700,888200
1401978298,63.2300,63.3200,63.1400,63.1600,613300
1401978599,63.3700,63.3700,63.1700,63.2400,543800
1401978898,63.3850,63.3900,63.2550,63.3700,383100
1401979140,63.2500,63.3841,63.2000,63.3841,322200
1401979499,63.2201,63.3400,63.2200,63.2500,452500
1401979742,63.1600,63.2499,63.0600,63.2300,498300
1401980040,63.1901,63.2300,63.0700,63.1579,351600
1401980399,63.2400,63.2500,63.1400,63.1990,255900
1401980699,63.2900,63.2900,63.1700,63.2300,233300
1401980999,63.3800,63.4750,63.2800,63.2900,588600
1401981299,63.3700,63.4700,63.3300,63.3810,361800
1401981599,63.5700,63.6000,63.3600,63.3700,582700
1401981898,63.6300,63.6500,63.4900,63.5700,411400
1401982199,63.6700,63.6700,63.5650,63.6300,392500
1401982499,63.6480,63.7200,63.6300,63.6690,542000
1401982740,63.7500,63.7700,63.6400,63.6450,546000
1401983040,63.7500,63.8000,63.7100,63.7500,430300
1401983340,63.6400,63.7800,63.6350,63.7550,438000
1401983640,63.8950,63.9200,63.6427,63.6427,951100
1401983999,63.9100,63.9500,63.8600,63.8950,880500
1401984299,63.9800,63.9900,63.9100,63.9100,701100
1401984542,64.0110,64.1000,63.9700,63.9700,1243100
1401984840,64.0800,64.0900,63.9200,64.0100,536100
1401985198,63.9600,64.1500,63.9600,64.0810,890500
1401985498,64.0400,64.0800,63.9600,63.9600,357200
1401985799,64.0300,64.0600,63.9674,64.0500,438900
1401986042,64.1250,64.1400,64.0100,64.0200,550400
1401986340,64.2800,64.3600,64.1200,64.1300,1022600
1401986699,64.2800,64.3000,64.2200,64.2800,590400
1401986999,64.1000,64.2900,64.0900,64.2900,580700
1401987299,64.1475,64.1800,64.0900,64.1046,271900
1401987599,64.1200,64.1900,64.0800,64.1684,314700
1401987840,64.1400,64.2000,64.1000,64.1200,324200
1401988199,64.0432,64.1900,64.0400,64.1344,417200
1401988498,64.0350,64.0900,63.9700,64.0400,487800
1401988798,63.9000,64.0650,63.8800,64.0320,404200
1401989099,63.6980,63.9300,63.6900,63.9000,824400
1401989399,63.5900,63.7000,63.4100,63.6900,1225600
1401989640,63.7299,63.7300,63.5700,63.5900,519000
1401989999,63.6500,63.7300,63.5300,63.7200,408300
1401990242,63.4500,63.6550,63.4000,63.6499,392900
1401990540,63.2625,63.5100,63.2600,63.4500,601000
1401990899,63.3900,63.4400,63.2500,63.2720,675400
1401991199,63.5100,63.5100,63.3710,63.3900,340900
1401991499,63.5600,63.5600,63.4500,63.5200,291900
1401991799,63.6200,63.6300,63.5200,63.5600,507600
1401992099,63.6100,63.6500,63.5700,63.6200,326700
1401992399,63.5499,63.6200,63.5200,63.6100,150100
1401992699,63.6690,63.7000,63.5475,63.5700,344800
1401992999,63.5900,63.6900,63.5600,63.6610,258200
1401993299,63.5086,63.6000,63.4700,63.5900,320500
1401993599,63.2000,63.5200,63.2000,63.5100,939400
1401993840,63.4200,63.4300,63.2000,63.2015,573200
1401994140,63.4500,63.4700,63.3700,63.4300,304900
1401994499,63.2800,63.4500,63.2400,63.4500,431600
1401994740,63.2850,63.3600,63.2200,63.2799,358600
1401995040,63.4000,63.4000,63.2500,63.2801,368100
1401995340,63.2900,63.4600,63.2900,63.3970,415900
1401995698,63.3000,63.4300,63.2300,63.2970,726000
1401995999,63.2500,63.3350,63.1200,63.3000,724600
1401996298,63.1600,63.2800,63.1000,63.2400,438600
1401996540,63.0650,63.1800,63.0200,63.1630,749500
1401996899,63.1150,63.1400,63.0300,63.0700,486300
1401997199,63.2049,63.2200,63.1000,63.1100,574400
1401997440,63.1800,63.2300,63.1500,63.2050,340400
1401997799,63.2500,63.2700,63.1500,63.1750,518600
1401998040,63.2750,63.3400,63.2500,63.2500,742800
1401998340,63.1900,63.3000,63.1500,63.2700,841000
1401998400,63.1860,63.1860,63.1860,63.1860,365100
1402061699,63.2800,63.3600,63.1000,63.3500,0
1402061999,63.3100,63.4800,63.0700,63.2812,1309500
1402062299,63.1800,63.4500,63.1100,63.3100,961400
1402062540,63.2999,63.3000,63.0100,63.1920,1216100
1402062898,63.2400,63.3500,63.2000,63.3000,741600
1402063199,63.3800,63.3900,63.1000,63.2410,609300
1402063440,63.2400,63.4000,63.2400,63.3800,716500
1402063799,63.2000,63.3000,63.1000,63.2400,591100
1402064099,62.9000,63.2300,62.8600,63.2100,1417000
1402064340,62.8650,62.9800,62.7200,62.8950,1436000
1402064699,62.8950,62.9200,62.7700,62.8700,665500
1402064941,62.9600,62.9800,62.8250,62.8900,589500
1402065299,62.9700,63.0400,62.9100,62.9401,465100
1402065598,62.9100,63.0000,62.8600,62.9701,491500
1402065840,62.7900,62.9700,62.7800,62.9080,561500
1402066199,62.7800,62.8400,62.6400,62.8000,888900
1402066499,62.8268,62.9000,62.7400,62.7750,511100
1402066740,62.9200,62.9620,62.7699,62.8210,444700
1402067099,62.9501,62.9900,62.8800,62.9200,477400
1402067399,63.1000,63.1500,62.9400,62.9500,794900
1402067640,63.0100,63.1100,62.9900,63.1000,512500
1402067941,63.0300,63.1000,62.9900,63.0100,295700
1402068298,63.0700,63.0800,63.0100,63.0400,274100
1402068599,63.0800,63.1600,63.0500,63.0600,377500
1402068899,62.8900,63.0900,62.8100,63.0800,591400
1402069140,62.9268,62.9300,62.8100,62.8900,347700
1402069440,62.9100,62.9300,62.8700,62.9300,169200
1402069741,62.8800,62.9500,62.8600,62.9132,189700
1402070040,62.8200,62.9400,62.7700,62.8879,315700
1402070399,62.7400,62.8500,62.7300,62.8380,399100
1402070641,62.7300,62.8200,62.7200,62.7499,312600
1402070940,62.8200,62.8246,62.7399,62.7400,362300
1402071299,62.7200,62.8500,62.6800,62.8200,518100
1402071599,62.7000,62.7400,62.6900,62.7200,250900
1402071897,62.6550,62.7200,62.6300,62.7000,437400
1402072143,62.4840,62.6700,62.4700,62.6500,758200
1402072499,62.5997,62.6201,62.4600,62.4900,685700
1402072740,62.5600,62.6200,62.4600,62.6000,553600
1402073040,62.5500,62.5600,62.4300,62.5600,464700
1402073340,62.5350,62.5500,62.4500,62.5500,276000
1402073699,62.5901,62.6000,62.4700,62.5300,306800
1402073999,62.4600,62.5999,62.4500,62.5800,537700
1402074299,62.3085,62.4800,62.3000,62.4600,757100
1402074596,62.3600,62.3600,62.2800,62.3100,522100
1402074840,62.1601,62.3700,62.1600,62.3590,636800
1402075199,62.1774,62.3050,62.1500,62.1699,643100
1402075441,62.2599,62.2800,62.1600,62.1750,380600
1402075799,62.3200,62.3400,62.2300,62.2502,297100
1402076097,62.3220,62.3500,62.2500,62.3200,427100
1402076342,62.2700,62.3300,62.2450,62.3300,234600
1402076640,62.2710,62.2900,62.2000,62.2700,309700
1402076941,62.3200,62.3700,62.2400,62.2780,471000
1402077241,62.2849,62.3200,62.2500,62.3200,184100
1402077540,62.2750,62.3500,62.2500,62.2900,343800
1402077897,62.2050,62.2999,62.1700,62.2800,522800
1402078199,62.4350,62.4380,62.2050,62.2090,599500
1402078499,62.6001,62.6300,62.4300,62.4326,877500
1402078799,62.5900,62.6700,62.5500,62.6090,494900
1402079094,62.6100,62.6400,62.5600,62.5850,216400
1402079399,62.5300,62.6200,62.5100,62.6185,315700
1402079697,62.5715,62.6100,62.5100,62.5300,355600
1402079942,62.5900,62.6100,62.5300,62.5750,168300
1402080253,62.6000,62.6000,62.5400,62.5900,166700
1402080542,62.5908,62.7000,62.5700,62.5980,452100
1402080847,62.5685,62.6200,62.5600,62.5990,190600
1402081144,62.5500,62.5800,62.5300,62.5600,178900
1402081498,62.5600,62.5800,62.5100,62.5600,258300
1402081740,62.5900,62.5900,62.5500,62.5500,154600
1402082099,62.5200,62.5800,62.4950,62.5699,266800
1402082340,62.5350,62.5600,62.4900,62.5100,231000
1402082699,62.4100,62.5500,62.3800,62.5300,436300
1402082943,62.3849,62.4551,62.3700,62.4099,294500
1402083299,62.3000,62.4000,62.3000,62.3850,409700
1402083598,62.2500,62.3100,62.2400,62.3000,472500
1402083899,62.2501,62.2800,62.2100,62.2500,604800
1402084199,62.4100,62.4300,62.2550,62.2600,621700
1402084440,62.4100,62.4800,62.3800,62.4100,777600
1402084740,62.5000,62.5000,62.4000,62.4200,1135900
1402084800,62.5000,62.5000,62.5000,62.5000,729700
1402320840,62.6810,62.7500,62.3800,62.4000,0
1402321199,62.4000,62.7000,62.2500,62.6800,1087400
1402321499,62.0510,62.4300,62.0500,62.4000,1185900
1402321740,61.9995,62.0600,61.7900,62.0500,1606100
1402322040,62.1599,62.2416,61.9800,61.9800,869700
1402322399,62.4900,62.6000,62.0700,62.1542,1075800
1402322699,62.3600,62.5500,62.2600,62.4800,738400
1402322997,62.5401,62.6600,62.2400,62.3520,925700
1402323299,62.5300,62.6900,62.5000,62.5469,834200
1402323599,62.6300,62.6600,62.4200,62.5400,541200
1402323899,62.5600,62.6700,62.5300,62.6200,405500
1402324177,62.5700,62.6700,62.4800,62.5501,571100
1402324499,62.3200,62.5800,62.2500,62.5500,789700
1402324740,62.3499,62.4100,62.2900,62.3126,300000
1402325040,62.3920,62.4500,62.3400,62.3500,324500
1402325340,62.5700,62.6000,62.3674,62.3900,471900
1402325640,62.7100,62.8000,62.5300,62.5800,774600
1402325999,62.6699,62.7300,62.6400,62.7000,360700
1402326299,62.6200,62.7000,62.5799,62.6700,233800
1402326541,62.7319,62.7600,62.6290,62.6299,279400
1402326897,62.9100,62.9400,62.7400,62.7400,773700
1402327199,63.1000,63.1200,62.8800,62.9060,884000
1402327499,63.0200,63.1200,62.9700,63.1100,595800
1402327741,63.1000,63.1100,62.9400,63.0200,536400
1402328098,63.1190,63.2100,63.0600,63.1100,659100
1402328399,63.0700,63.2000,63.0600,63.1100,470600
1402328640,63.1300,63.1600,63.0400,63.0780,376000
1402328940,63.0649,63.1500,63.0500,63.1300,234700
1402329299,63.0699,63.1100,63.0000,63.0700,463800
1402329599,63.0500,63.1300,63.0000,63.0700,351900
1402329899,63.2100,63.2100,63.0400,63.0500,292800
1402330198,63.1400,63.2600,63.1300,63.2000,414300
1402330441,63.2200,63.2500,63.1400,63.1499,182700
1402330741,63.2500,63.2700,63.2000,63.2100,226000
1402331095,63.2800,63.3400,63.2500,63.2500,528500
1402331340,63.1400,63.2900,63.1300,63.2900,327300
1402331699,63.1200,63.2000,63.0800,63.1400,412200
1402331999,63.0810,63.1700,63.0500,63.1215,370900
1402332240,63.1000,63.1700,63.0600,63.0810,235100
1402332594,63.1400,63.1600,63.0800,63.0900,170800
1402332842,63.1399,63.1600,63.0800,63.1450,139900
1402333144,63.1749,63.2300,63.1400,63.1400,228300
1402333440,63.1600,63.2000,63.1400,63.1800,135500
1402333797,63.1100,63.1624,63.0800,63.1600,272500
1402334048,63.1200,63.1332,63.0900,63.1200,211200
1402334399,62.9311,63.1300,62.9200,63.1150,422100
1402334698,62.8600,62.9700,62.8400,62.9400,539200
1402334997,62.8700,62.9000,62.8000,62.8630,311500
1402335299,62.8500,62.9400,62.8500,62.8700,236300
1402335540,62.9400,62.9700,62.8200,62.8500,211000
1402335841,62.9001,63.0400,62.8600,62.9400,318900
1402336199,62.8500,62.9099,62.7600,62.9099,319800
1402336499,62.8000,62.8674,62.7400,62.8500,322200
1402336799,62.7600,62.8900,62.7500,62.8000,186500
1402337099,62.7600,62.8400,62.7300,62.7600,257300
1402337399,62.6699,62.7800,62.6300,62.7550,277300
1402337640,62.4800,62.6800,62.4500,62.6650,554800
1402337941,62.5600,62.6300,62.4700,62.4700,400300
1402338243,62.5300,62.6100,62.4800,62.5620,382200
1402338599,62.4345,62.5900,62.4200,62.5400,278300
1402338897,62.3899,62.5300,62.3600,62.4300,458000
1402339140,62.5400,62.5722,62.3670,62.3900,420200
1402339497,62.6800,62.7400,62.5300,62.5400,473100
1402339741,62.6500,62.6900,62.5700,62.6720,236100
1402340099,62.6900,62.6999,62.6000,62.6450,213300
1402340397,62.6350,62.7200,62.6300,62.6800,235900
1402340698,62.6200,62.7000,62.5950,62.6400,200400
1402340999,62.6300,62.6700,62.5800,62.6200,231200
1402341240,62.7800,62.8500,62.6210,62.6399,537400
1402341540,62.8600,62.8900,62.7200,62.7810,406700
1402341896,62.8801,62.9600,62.8500,62.8660,455700
1402342199,62.8400,62.9300,62.7800,62.8900,407300
1402342499,62.7340,62.8500,62.7200,62.8400,283700
1402342799,62.6800,62.8100,62.6700,62.7400,386000
1402343097,62.7032,62.7700,62.6300,62.6780,362500
1402343340,62.7900,62.8100,62.7000,62.7300,442500
1402343699,62.9400,62.9500,62.7700,62.7900,840700
1402343940,62.8700,62.9500,62.8100,62.9400,1190100
1402344000,62.8800,62.8800,62.8800,62.8800,263800
1402407299,64.1000,64.1000,63.5100,63.5400,0
1402407599,64.4600,64.7300,64.0000,64.0950,4150000
1402407840,64.4900,64.7000,64.4500,64.4650,2385000
1402408140,64.2750,64.6100,64.1800,64.4900,2053500
1402408440,64.4200,64.4900,64.1900,64.2600,1400000
1402408740,64.3600,64.4300,64.2200,64.4212,977700
1402409099,64.4700,64.5100,64.2600,64.3600,1454500
1402409340,64.1400,64.4799,64.0600,64.4730,2001400
1402409699,64.1900,64.2400,64.0210,64.1300,1265500
1402409940,64.1080,64.2800,64.0900,64.2000,693500
1402410299,64.4800,64.5100,64.1090,64.1100,1271200
1402410599,64.6100,64.6400,64.4300,64.4710,1301100
1402410840,64.4898,64.6600,64.4500,64.6200,979100
1402411199,64.4080,64.5100,64.3600,64.4815,702100
1402411442,64.5000,64.5900,64.3800,64.4000,501500
1402411799,64.6900,64.7000,64.4200,64.4900,798900
1402412040,64.6300,64.7100,64.6000,64.7000,795900
1402412399,64.7400,64.7900,64.6250,64.6290,1065400
1402412640,64.7600,64.8700,64.7180,64.7300,1173700
1402412940,64.9600,64.9700,64.7100,64.7600,1559600
1402413299,64.9600,65.0500,64.8900,64.9600,1874900
1402413599,64.9001,64.9999,64.8400,64.9600,868500
1402413899,64.8200,64.9000,64.7900,64.9000,819700
1402414199,64.9850,65.0400,64.8299,64.8300,604500
1402414440,65.1700,65.1800,64.9700,64.9900,1199700
1402414740,65.2400,65.2900,65.1100,65.1700,1312500
1402415099,65.4100,65.4200,65.2270,65.2400,982700
1402415340,65.4468,65.4900,65.3400,65.4368,1484000
1402415699,65.3500,65.4500,65.3500,65.4400,741900
1402415999,65.3200,65.3885,65.2600,65.3600,959600
1402416240,65.3100,65.3800,65.2400,65.3100,624400
1402416540,65.2744,65.3099,65.2100,65.3000,597200
1402416899,65.3000,65.3800,65.2600,65.2700,508100
1402417140,65.4100,65.4400,65.3000,65.3000,503500
1402417442,65.3900,65.4300,65.3000,65.4199,320500
1402417799,65.4100,65.4800,65.3600,65.3900,499900
1402418040,65.3310,65.4100,65.3300,65.4100,375500
1402418342,65.4100,65.4600,65.3400,65.3400,392700
1402418699,65.3000,65.4300,65.2500,65.4120,592800
1402418940,65.2600,65.3000,65.1200,65.2900,739800
1402419299,65.4300,65.4400,65.2700,65.2700,480600
1402419599,65.5600,65.5700,65.4000,65.4400,958500
1402419899,65.5300,65.6000,65.5100,65.5600,651900
1402420140,65.5600,65.6400,65.4800,65.5200,603600
1402420440,65.4100,65.5700,65.3900,65.5600,655900
1402420740,65.5200,65.5300,65.4100,65.4150,356900
1402421099,65.4501,65.5500,65.4400,65.5185,324300
1402421399,65.3900,65.4683,65.3800,65.4550,418000
1402421699,65.3001,65.4500,65.2800,65.3900,546700
1402421998,65.3832,65.4200,65.2900,65.3000,499700
1402422299,65.3700,65.4500,65.3400,65.3800,281200
1402422599,65.4500,65.4700,65.3650,65.3670,337000
1402422844,65.5400,65.5400,65.4400,65.4600,358500
1402423198,65.5250,65.5744,65.5100,65.5310,358000
1402423499,65.5953,65.6400,65.5000,65.5200,542100
1402423799,65.5950,65.6700,65.5501,65.6000,616200
1402424040,65.5800,65.6100,65.5200,65.5900,366500
1402424340,65.6300,65.6400,65.5500,65.5800,368700
1402424641,65.7200,65.7501,65.6200,65.6320,875000
1402424999,65.6800,65.7300,65.6600,65.7148,317000
1402425244,65.6899,65.7300,65.6400,65.6801,424900
1402425599,65.6200,65.7100,65.6150,65.6900,290400
1402425899,65.5301,65.6300,65.5300,65.6200,522200
1402426140,65.5500,65.5700,65.5000,65.5300,548700
1402426497,65.5820,65.6000,65.5300,65.5526,329400
1402426792,65.6499,65.6700,65.5804,65.5900,320400
1402427040,65.6200,65.6500,65.5800,65.6400,486000
1402427399,65.6151,65.6700,65.6100,65.6200,263100
1402427640,65.5700,65.6600,65.5601,65.6101,555600
1402427940,65.5500,65.5800,65.5000,65.5700,661500
1402428298,65.6749,65.6800,65.5500,65.5520,610400
1402428599,65.6900,65.6900,65.6300,65.6795,419700
1402428842,65.7600,65.8000,65.6800,65.6800,1058800
1402429141,65.7550,65.7700,65.6600,65.7601,662000
1402429440,65.7499,65.8200,65.7400,65.7500,977000
1402429740,65.7299,65.7500,65.7000,65.7400,754500
1402430099,65.8110,65.8200,65.7100,65.7299,1171600
1402430399,65.7600,65.8200,65.7100,65.8110,1721000
1402430400,65.7600,65.7600,65.7600,65.7600,596400
1402493699,65.2700,65.4700,65.1200,65.3200,0
1402493999,65.2200,65.3600,64.9000,65.2400,2161200
1402494240,65.3900,65.4000,65.2200,65.2300,1540700
1402494599,65.3100,65.5215,65.2600,65.3800,1534400
1402494899,65.1100,65.4300,65.1100,65.3000,1555300
1402495199,65.2500,65.2500,65.0600,65.1100,834900
1402495498,65.3500,65.3800,65.1000,65.2400,1050200
1402495798,65.1650,65.3500,65.1200,65.3500,690700
1402496098,65.3200,65.3500,65.1100,65.1700,971600
1402496399,65.2600,65.3210,65.1400,65.3200,582600
1402496640,65.4300,65.4700,65.2601,65.2700,903000
1402496999,65.2700,65.4400,65.2600,65.4201,654300
1402497240,65.1420,65.2900,65.1200,65.2900,807000
1402497599,65.1390,65.2000,65.0620,65.1400,792300
1402497840,65.1600,65.2200,65.0800,65.1100,617700
1402498140,65.1200,65.2000,65.0600,65.1600,504600
1402498497,65.0300,65.1200,64.9200,65.1200,1109100
1402498799,65.1380,65.2000,65.0300,65.0374,602300
1402499097,65.2799,65.2900,65.1200,65.1380,624800
1402499399,65.2600,65.3100,65.2100,65.2800,480900
1402499699,65.2000,65.3250,65.1900,65.2700,420400
1402499940,65.1554,65.2690,65.0900,65.2090,505700
1402500296,65.1800,65.2200,65.1300,65.1491,245500
1402500540,65.2300,65.2700,65.1600,65.1700,294800
1402500840,65.2946,65.3500,65.2300,65.2300,470300
1402501141,65.3299,65.3300,65.2200,65.2900,255700
1402501440,65.1600,65.3400,65.1600,65.3209,320000
1402501797,65.1412,65.2050,65.1100,65.1700,319200
1402502041,65.2600,65.2700,65.1300,65.1500,229000
1402502398,65.2120,65.2800,65.2000,65.2647,190400
1402502698,65.2590,65.2600,65.1600,65.2100,230600
1402502998,65.2500,65.2600,65.2300,65.2580,116500
1402503291,65.2200,65.2700,65.2100,65.2500,167200
1402503599,65.1350,65.2600,65.1200,65.2200,241100
1402503840,65.0400,65.1500,65.0400,65.1350,431900
1402504141,65.1202,65.1300,65.0550,65.0550,209500
1402504440,65.1868,65.2100,65.1100,65.1300,276500
1402504740,65.1750,65.2300,65.1700,65.1900,209900
1402505099,65.1950,65.2200,65.1600,65.1799,146900
1402505399,65.2700,65.2700,65.1900,65.1900,240400
1402505694,65.2800,65.3000,65.2600,65.2700,171900
1402505940,65.3900,65.4400,65.2701,65.2800,646700
1402506299,65.3499,65.4400,65.3100,65.3980,545200
1402506543,65.3000,65.3900,65.2800,65.3500,277600
1402506899,65.1500,65.3000,65.1300,65.2910,310400
1402507198,65.2090,65.2400,65.1300,65.1400,308300
1402507499,65.2100,65.2700,65.1968,65.2000,189500
1402507799,65.2100,65.2400,65.1800,65.2100,244200
1402508094,65.2400,65.2595,65.1900,65.2100,225900
1402508340,65.1800,65.2400,65.1500,65.2400,174500
1402508698,65.3100,65.3100,65.1800,65.1900,236900
1402508999,65.2800,65.3300,65.2500,65.3010,299200
1402509240,65.2999,65.3250,65.2300,65.2800,230700
1402509594,65.2300,65.3300,65.2100,65.2800,295700
1402509899,65.1099,65.2500,65.1000,65.2285,405300
1402510197,65.0799,65.1200,65.0300,65.1016,800800
1402510499,65.0900,65.1500,64.9500,65.0750,698400
1402510740,65.1399,65.1600,65.0800,65.1000,348300
1402511043,65.0900,65.1600,65.0890,65.1400,231100
1402511340,65.2000,65.2400,65.0700,65.0900,417600
1402511699,65.2500,65.2700,65.1800,65.2100,294900
1402511943,65.2432,65.2650,65.1900,65.2580,164100
1402512296,65.2300,65.2550,65.1800,65.2500,159400
1402512540,65.3200,65.3500,65.2100,65.2400,473400
1402512899,65.3700,65.3700,65.2900,65.3200,257900
1402513143,65.4257,65.4257,65.3099,65.3600,490900
1402513499,65.4400,65.4855,65.3900,65.4200,575100
1402513798,65.4880,65.4900,65.3700,65.4400,427800
1402514099,65.3800,65.4900,65.3800,65.4900,336200
1402514398,65.3700,65.4300,65.3700,65.3800,270000
1402514698,65.4800,65.4800,65.3700,65.3790,259200
1402514999,65.6301,65.6600,65.4700,65.4800,1230800
1402515240,65.6675,65.6800,65.5700,65.6300,631800
1402515599,65.7120,65.7600,65.6200,65.6700,847200
1402515899,65.7100,65.7800,65.7100,65.7118,718200
1402516199,65.7500,65.7700,65.7100,65.7200,727100
1402516499,65.7800,65.7900,65.7400,65.7600,787700
1402516740,65.7900,65.8000,65.7000,65.7800,1487500
1402516800,65.7900,65.7900,65.7900,65.7900,300
1402580099,65.9900,66.0400,65.7100,65.8000,0
1402580399,65.8700,65.9900,65.7200,65.9899,1292400
1402580640,66.1000,66.2100,65.7900,65.8700,1777300
1402580999,66.1100,66.2400,66.0000,66.1100,1166900
1402581240,66.4200,66.4600,66.1000,66.1000,1250700
1402581540,66.3150,66.4700,66.2200,66.4200,1084500
1402581840,66.2600,66.4200,66.2100,66.3150,799400
1402582199,66.3700,66.3900,66.2100,66.2685,656400
1402582499,66.1350,66.3890,66.1300,66.3600,781500
1402582799,65.9600,66.1400,65.8900,66.1332,1571800
1402583040,65.8600,66.0400,65.8500,65.9600,710500
1402583340,65.4000,65.9200,65.4000,65.8600,1684900
1402583699,65.6017,65.6100,65.3700,65.4000,1099900
1402583996,65.6000,65.7500,65.5000,65.6100,788000
1402584299,65.5600,65.6256,65.3800,65.6200,669800
1402584541,65.4299,65.6200,65.4200,65.5600,458700
1402584899,65.6600,65.7000,65.4200,65.4200,490400
1402585198,65.6200,65.7000,65.5900,65.6599,401700
1402585440,65.6500,65.6900,65.5200,65.6200,354200
1402585743,65.6800,65.7000,65.5800,65.6526,298800
1402586098,65.7200,65.7800,65.6399,65.6778,450900
1402586399,65.6601,65.7299,65.5700,65.7200,433600
1402586699,65.5720,65.6800,65.5100,65.6600,313400
1402586999,65.7000,65.7500,65.5350,65.5700,399900
1402587298,65.7100,65.7400,65.6500,65.7019,227600
1402587540,65.7800,65.8500,65.7000,65.7000,468800
1402587899,65.8000,65.8300,65.7100,65.7815,300800
1402588140,65.6900,65.8374,65.6800,65.8160,272600
1402588440,65.6700,65.7200,65.6100,65.6900,275200
1402588745,65.6560,65.7100,65.6100,65.6648,288900
1402589097,65.5700,65.6700,65.5700,65.6500,328400
1402589397,65.5700,65.6100,65.4700,65.5748,495100
1402589696,65.6000,65.6000,65.4700,65.5700,414000
1402589999,65.5300,65.6026,65.4700,65.6010,318400
1402590299,65.5400,65.5900,65.4700,65.5200,289300
1402590599,65.5500,65.5600,65.4800,65.5320,255000
1402590894,65.5400,65.5600,65.5010,65.5500,257800
1402591199,65.4100,65.5500,65.3900,65.5400,697100
1402591440,65.2100,65.4450,65.1600,65.4100,974900
1402591740,65.2201,65.2800,65.1800,65.2000,553200
1402592099,64.9600,65.2500,64.9200,65.2100,1117000
1402592399,65.0500,65.0800,64.7800,64.9650,1210300
1402592699,65.0000,65.1200,64.9400,65.0600,598900
1402592999,65.0300,65.0900,64.9400,64.9900,449200
1402593299,64.9599,65.1300,64.9100,65.0300,546900
1402593540,64.9800,65.0800,64.9500,64.9550,318500
1402593840,64.8890,65.0180,64.8400,64.9750,434500
1402594199,64.7500,64.9200,64.6700,64.8900,836400
1402594440,64.6100,64.7600,64.5200,64.7450,954100
1402594740,64.6050,64.6300,64.5300,64.6100,535200
1402595099,64.6650,64.7300,64.5500,64.6000,680100
1402595340,64.4900,64.6600,64.4100,64.6550,877800
1402595699,64.2001,64.5600,64.1500,64.4800,1290200
1402595998,64.3400,64.4200,64.0701,64.2100,1010200
1402596299,64.3500,64.4000,64.2400,64.3450,652000
1402596599,64.3300,64.4500,64.2749,64.3500,594000
1402596899,64.4274,64.4300,64.2500,64.3200,554600
1402597140,64.5600,64.5900,64.4250,64.4250,725900
1402597440,64.4100,64.6000,64.4100,64.5700,588800
1402597799,64.4700,64.5500,64.3800,64.4200,510600
1402598040,64.3400,64.5000,64.2200,64.4700,635800
1402598398,64.4188,64.4200,64.2570,64.3450,357300
1402598699,64.5110,64.5300,64.4100,64.4123,313700
1402598999,64.5290,64.5400,64.4700,64.5200,252000
1402599240,64.4668,64.5300,64.3900,64.5200,350400
1402599599,64.3268,64.4900,64.3268,64.4700,368200
1402599840,64.2874,64.3500,64.2101,64.3250,688900
1402600198,64.2448,64.3300,64.2100,64.2800,530200
1402600440,64.2400,64.2450,64.1000,64.2450,890800
1402600740,64.3250,64.3300,64.1900,64.2400,483100
1402601099,64.4100,64.4500,64.2800,64.3300,553200
1402601399,64.3000,64.4100,64.2600,64.4100,385100
1402601641,64.3480,64.3500,64.2710,64.3000,395100
1402601999,64.1078,64.3700,64.0900,64.3485,681000
1402602240,64.1300,64.2183,64.0600,64.1000,1202200
1402602540,64.1700,64.2500,64.1300,64.1300,1186000
1402602899,64.3250,64.3300,64.1800,64.1800,922200
1402603199,64.3000,64.3300,64.2500,64.3200,1457700
1402603200,64.2900,64.2900,64.2900,64.2900,800
1402666499,64.8099,64.9500,64.3900,64.7000,0
1402666799,64.5700,64.9700,64.5400,64.8078,960600
1402667099,64.6701,64.6800,64.3300,64.5700,1154200
1402667399,64.4420,64.6800,64.3300,64.6799,721400
1402667640,64.4200,64.5900,64.4100,64.4500,503200
1402667940,64.2500,64.4700,64.1500,64.4200,913800
1402668298,63.9582,64.3300,63.9200,64.2500,1218600
1402668540,64.0100,64.0300,63.8300,63.9700,990600
1402668840,64.1000,64.1700,63.9400,64.0200,797300
1402669199,64.4300,64.4850,64.0600,64.0801,877900
1402669440,64.3685,64.4400,64.3100,64.4200,460100
1402669799,64.5885,64.5900,64.3650,64.3700,550100
1402670099,64.5600,64.6400,64.4600,64.5800,537900
1402670397,64.4200,64.5990,64.3600,64.5600,430500
1402670640,64.5800,64.6100,64.3300,64.4279,357500
1402670941,64.5700,64.5995,64.4600,64.5700,282800
1402671299,64.6950,64.7300,64.5515,64.5700,527000
1402671540,64.7400,64.7500,64.6400,64.6900,426900
1402671840,64.6600,64.7900,64.5900,64.7500,491700
1402672199,64.7400,64.7400,64.6130,64.6500,339700
1402672498,64.5627,64.7600,64.5500,64.7399,285800
1402672745,64.4400,64.6000,64.4400,64.5600,315600
1402673041,64.5200,64.5300,64.3500,64.4400,312600
1402673399,64.5300,64.5400,64.4667,64.5200,102900
1402673699,64.4400,64.5800,64.3700,64.5202,231000
1402673997,64.3900,64.5000,64.3900,64.4500,242600
1402674299,64.1800,64.4000,64.1400,64.4000,429100
1402674599,64.2199,64.2300,64.1499,64.1800,392600
1402674896,64.2600,64.3300,64.2200,64.2300,348800
1402675198,64.2667,64.3400,64.2300,64.2600,197100
1402675490,64.3394,64.3600,64.2100,64.2700,175500
1402675743,64.3700,64.4300,64.3300,64.3380,166000
1402676099,64.3110,64.4000,64.2900,64.3700,130700
1402676341,64.3400,64.3700,64.2300,64.3200,209900
1402676698,64.4400,64.4587,64.3233,64.3400,187100
1402676940,64.3801,64.4500,64.3700,64.4462,246000
1402677299,64.3300,64.4000,64.2900,64.3900,148900
1402677599,64.3200,64.4100,64.3100,64.3300,184800
1402677843,64.3320,64.3799,64.3100,64.3300,122600
1402678140,64.4300,64.4500,64.3200,64.3300,157400
1402678440,64.4100,64.4600,64.4100,64.4300,124800
1402678740,64.3200,64.4200,64.3000,64.4200,154100
1402679091,64.3600,64.4200,64.3143,64.3190,117400
1402679340,64.3100,64.3785,64.2500,64.3700,168000
1402679644,64.2500,64.3200,64.2200,64.3100,169700
1402679999,64.2900,64.3100,64.2400,64.2500,106400
1402680299,64.2600,64.3200,64.2550,64.2901,77700
1402680599,64.3000,64.3000,64.2600,64.2600,254500
1402680842,64.2700,64.3000,64.2400,64.3000,133000
1402681146,64.2400,64.2810,64.2100,64.2800,144700
1402681499,64.2890,64.3000,64.2200,64.2300,143200
1402681740,64.2964,64.3000,64.2780,64.2800,74300
1402682099,64.4280,64.4280,64.2900,64.2950,230500
1402682398,64.4500,64.4800,64.4000,64.4300,247700
1402682699,64.4550,64.4700,64.4100,64.4599,146700
1402682940,64.5000,64.5000,64.4100,64.4590,166900
1402683299,64.5000,64.5500,64.4900,64.4915,263500
1402683598,64.5900,64.6200,64.5000,64.5100,293000
1402683843,64.5899,64.6300,64.5600,64.5900,134800
1402684142,64.5700,64.5885,64.5020,64.5885,178000
1402684499,64.5300,64.5900,64.5100,64.5700,104900
1402684742,64.5700,64.5900,64.5200,64.5285,124300
1402685099,64.5700,64.6000,64.5500,64.5700,146400
1402685347,64.5700,64.6000,64.5500,64.5800,277700
1402685644,64.5390,64.5800,64.5200,64.5700,116700
1402685998,64.4694,64.5400,64.4500,64.5300,200000
1402686242,64.4600,64.5000,64.4500,64.4700,122000
1402686543,64.5800,64.5900,64.4300,64.4656,289800
1402686845,64.5300,64.5800,64.5000,64.5700,147800
1402687141,64.4400,64.5700,64.4300,64.5200,224800
1402687440,64.3300,64.4600,64.3100,64.4440,332500
1402687799,64.2201,64.3900,64.2200,64.3300,326700
1402688043,64.2600,64.3200,64.1600,64.2300,680000
1402688399,64.3315,64.3700,64.2500,64.2700,452400
1402688699,64.3100,64.3500,64.3000,64.3400,331900
1402688941,64.3200,64.3500,64.3000,64.3100,294700
1402689241,64.4700,64.4700,64.3200,64.3200,652500
1402689599,64.4801,64.5000,64.3800,64.4600,1192900
1402689600,64.4801,64.5000,64.4801,64.5000,0
