1401716099,40.9500,41.0000,40.8000,40.9100,1068500
1401716399,40.9200,40.9600,40.8500,40.9500,305100
1401716699,40.8300,40.9800,40.8201,40.9200,494200
1401716944,40.8300,40.8900,40.8100,40.8200,254500
1401717298,40.8900,40.8900,40.8300,40.8544,155500
1401717597,40.9725,40.9800,40.8600,40.8850,370900
1401717899,40.9450,41.0700,40.8900,40.9800,888600
1401718199,40.9000,40.9700,40.8500,40.9500,605000
1401718499,41.0500,41.0600,40.8900,40.9000,405000
1401718742,41.0300,41.0600,41.0200,41.0400,207800
1401719098,41.0099,41.0500,41.0000,41.0300,172800
1401719399,40.9500,41.0100,40.9400,41.0000,226800
1401719697,40.9430,40.9700,40.9400,40.9500,219800
1401719950,41.0000,41.0000,40.9450,40.9500,175400
1401720242,40.9700,41.0000,40.9500,40.9922,181800
1401720598,40.9650,40.9850,40.9400,40.9699,160500
1401720899,40.9500,40.9700,40.9300,40.9610,218600
1401721197,41.0000,41.0100,40.9527,40.9550,153100
1401721440,40.9700,41.0099,40.9550,40.9900,208600
1401721799,40.9700,40.9800,40.9500,40.9700,200700
1401722098,40.9300,40.9800,40.9300,40.9600,147100
1401722399,40.9200,40.9400,40.9100,40.9300,183400
1401722640,40.9100,40.9300,40.9000,40.9200,153800
1401722940,40.9700,40.9769,40.9000,40.9050,252600
1401723299,40.9900,40.9900,40.9400,40.9600,269400
1401723544,40.9500,40.9900,40.9400,40.9900,128800
1401723840,40.9400,40.9700,40.9300,40.9550,120700
1401724140,40.9100,40.9350,40.8800,40.9350,190400
1401724499,40.8900,40.9100,40.8700,40.9100,192900
1401724796,40.8700,40.8900,40.8600,40.8800,175400
1401725043,40.8850,40.9000,40.8600,40.8650,188000
1401725394,40.8700,40.9000,40.8700,40.8900,73200
1401725699,40.8750,40.8800,40.8700,40.8700,66800
1401725940,40.8700,40.8800,40.8600,40.8701,163300
1401726242,40.8700,40.8900,40.8600,40.8600,159900
1401726540,40.8800,40.8900,40.8700,40.8700,120100
1401726898,40.8800,40.9000,40.8750,40.8850,118500
1401727199,40.8500,40.8900,40.8400,40.8800,174600
1401727498,40.8700,40.8700,40.8300,40.8500,206600
1401727743,40.8300,40.8700,40.8200,40.8600,300500
1401728048,40.8399,40.8400,40.8200,40.8200,105200
1401728396,40.8450,40.8500,40.8300,40.8350,46200
1401728640,40.8456,40.8500,40.8400,40.8400,78500
1401728945,40.8450,40.8500,40.8300,40.8400,82900
1401729241,40.8300,40.8600,40.8100,40.8450,219700
1401729599,40.8250,40.8450,40.8200,40.8299,184700
1401729840,40.8256,40.8300,40.7980,40.8250,161400
1401730143,40.8300,40.8580,40.8200,40.8299,72300
1401730443,40.8500,40.8500,40.8100,40.8380,172200
1401730742,40.8100,40.8800,40.8000,40.8490,209900
1401731040,40.7700,40.8200,40.7700,40.8100,201700
1401731340,40.7600,40.8000,40.7500,40.7780,177500
1401731697,40.7600,40.7800,40.7600,40.7691,42500
1401731998,40.7900,40.8200,40.7500,40.7535,133700
1401732241,40.7950,40.8100,40.7800,40.7900,73900
1401732547,40.7700,40.8100,40.7700,40.7997,77000
1401732841,40.7699,40.7900,40.7300,40.7800,140800
1401733199,40.7900,40.7900,40.7500,40.7620,118700
1401733497,40.7965,40.8050,40.7800,40.7900,71500
1401733743,40.7810,40.8050,40.7500,40.7960,109400
1401734099,40.7901,40.8100,40.7750,40.7850,86900
1401734399,40.7800,40.8200,40.7700,40.7950,116200
1401734640,40.7629,40.7900,40.7500,40.7800,93300
1401734998,40.7800,40.8050,40.7500,40.7600,85900
1401735244,40.7300,40.7800,40.7300,40.7700,153900
1401735540,40.7299,40.7400,40.7000,40.7300,132600
1401735849,40.7200,40.7400,40.6900,40.7200,247700
1401736140,40.7250,40.7400,40.7200,40.7200,109400
1401736441,40.6800,40.7400,40.6800,40.7250,140500
1401736795,40.7199,40.7250,40.6800,40.6867,164100
1401737040,40.7400,40.7600,40.7100,40.7100,198800
1401737340,40.7001,40.7500,40.6900,40.7500,103500
1401737694,40.7500,40.7500,40.7000,40.7000,165900
1401737940,40.7400,40.7600,40.7300,40.7500,137200
1401738292,40.7900,40.7900,40.7200,40.7400,231000
1401738599,40.8000,40.8000,40.7700,40.7900,254500
1401738840,40.8000,40.8300,40.7700,40.8000,433200
1401739140,40.7900,40.8000,40.7500,40.8000,984200
1401739200,40.7900,40.7900,40.7900,40.7900,1884000
1401802495,40.5600,40.6500,40.5400,40.6200,0
1401802799,40.4800,40.5550,40.4000,40.5550,531700
1401803040,40.5525,40.6200,40.4400,40.4800,587100
1401803399,40.4950,40.5650,40.4900,40.5500,224200
1401803641,40.4100,40.5100,40.4100,40.4950,292700
1401803940,40.4600,40.4800,40.3500,40.4100,332000
1401804299,40.4600,40.4800,40.4400,40.4700,225900
1401804599,40.4600,40.5250,40.4500,40.4550,259400
1401804840,40.4200,40.4700,40.4100,40.4700,167500
1401805198,40.3400,40.4340,40.3400,40.4200,379400
1401805499,40.3600,40.3600,40.3000,40.3500,363800
1401805799,40.3100,40.3800,40.3000,40.3600,255500
1401806040,40.3028,40.3500,40.3000,40.3150,142800
1401806398,40.3200,40.3500,40.2900,40.3100,269200
1401806640,40.3100,40.3400,40.2950,40.3200,209800
1401806946,40.3100,40.3400,40.2900,40.3100,155500
1401807241,40.3000,40.3300,40.2950,40.3200,154900
1401807542,40.3500,40.3500,40.3000,40.3050,177100
1401807841,40.3299,40.3500,40.3200,40.3500,113100
1401808197,40.4000,40.4000,40.3200,40.3200,237600
1401808440,40.3980,40.4000,40.3800,40.4000,124400
1401808748,40.3990,40.4000,40.3800,40.3900,197300
1401809041,40.4000,40.4000,40.3700,40.4000,103400
1401809399,40.3800,40.4000,40.3700,40.3900,106900
1401809645,40.3899,40.4000,40.3550,40.3700,102100
1401809999,40.3700,40.3900,40.3700,40.3800,133200
1401810297,40.3200,40.3750,40.3100,40.3750,250800
1401810543,40.3750,40.3900,40.3300,40.3300,394500
1401810840,40.3650,40.3900,40.3650,40.3750,66800
1401811197,40.3745,40.3850,40.3680,40.3700,61600
1401811441,40.4000,40.4000,40.3700,40.3800,50200
1401811743,40.4000,40.4000,40.3900,40.3900,25800
1401812098,40.4350,40.4400,40.3800,40.3944,149400
1401812398,40.4250,40.4400,40.4100,40.4300,113700
1401812699,40.4320,40.4400,40.4200,40.4250,94000
1401812998,40.4500,40.4500,40.4300,40.4399,81600
1401813241,40.4345,40.4500,40.4200,40.4500,85800
1401813543,40.4200,40.4400,40.4200,40.4399,147500
1401813843,40.4360,40.4500,40.4200,40.4300,264600
1401814199,40.4100,40.4400,40.4100,40.4350,104000
1401814499,40.3600,40.4101,40.3500,40.4100,147300
1401814741,40.3500,40.3600,40.3200,40.3500,171900
1401815040,40.3501,40.3700,40.3400,40.3450,59300
1401815344,40.4033,40.4100,40.3580,40.3580,75200
1401815641,40.4100,40.4100,40.3900,40.4050,124800
1401815999,40.4200,40.4200,40.3900,40.4100,109600
1401816293,40.4100,40.4200,40.3900,40.4200,94800
1401816599,40.3950,40.4100,40.3900,40.4099,61800
1401816894,40.3699,40.4000,40.3600,40.3901,79700
1401817142,40.3400,40.3700,40.3300,40.3688,64300
1401817441,40.3343,40.3400,40.3300,40.3400,62100
1401817797,40.3400,40.3600,40.3300,40.3400,145700
1401818045,40.3467,40.3600,40.3300,40.3400,126400
1401818341,40.3500,40.3500,40.3400,40.3480,40000
1401818646,40.3400,40.3650,40.3300,40.3499,210000
1401818999,40.3600,40.3600,40.3400,40.3450,90600
1401819298,40.3600,40.3600,40.3500,40.3500,184600
1401819598,40.3800,40.3800,40.3500,40.3600,110800
1401819897,40.4100,40.4200,40.3800,40.3800,124200
1401820199,40.3900,40.4100,40.3700,40.4001,137800
1401820440,40.3750,40.4100,40.3700,40.3900,157600
1401820797,40.3650,40.3900,40.3600,40.3800,102100
1401821099,40.3599,40.3700,40.3500,40.3650,104700
1401821340,40.3300,40.3700,40.3300,40.3600,146600
1401821647,40.3280,40.3500,40.3200,40.3300,144500
1401821941,40.3100,40.3300,40.3100,40.3300,155900
1401822298,40.2900,40.3200,40.2900,40.3150,227400
1401822599,40.3050,40.3100,40.2900,40.2900,172200
1401822840,40.3100,40.3100,40.2900,40.3050,190600
1401823199,40.3000,40.3100,40.2850,40.3050,234800
1401823499,40.3067,40.3100,40.3000,40.3000,124400
1401823740,40.3050,40.3100,40.2950,40.3050,228700
1401824042,40.2600,40.3100,40.2600,40.3000,331600
1401824340,40.2950,40.3000,40.2500,40.2600,397700
1401824640,40.2900,40.3000,40.2800,40.2950,337400
1401824940,40.2800,40.2950,40.2800,40.2900,270900
1401825240,40.2950,40.3100,40.2800,40.2900,600500
1401825540,40.2800,40.3000,40.2800,40.3000,1060100
1401825600,40.2900,40.2900,40.2900,40.2900,966200
1401888897,40.3100,40.3300,40.1900,40.2200,0
1401889196,40.3100,40.3300,40.2000,40.3050,235200
1401889499,40.1500,40.3100,40.1500,40.3100,243000
1401889799,40.2010,40.2100,40.1400,40.1500,259700
1401890099,40.1499,40.2300,40.1257,40.2000,370400
1401890397,40.1144,40.1500,40.0900,40.1500,246800
1401890644,40.1050,40.1350,40.0900,40.1100,287600
1401890940,40.0900,40.1300,40.0900,40.1000,210700
1401891240,40.0700,40.1000,40.0400,40.1000,324900
1401891540,40.0050,40.0800,40.0000,40.0601,365300
1401891899,39.9851,40.0100,39.9650,40.0050,305200
1401892142,39.9400,39.9900,39.9400,39.9900,532500
1401892499,39.8800,39.9500,39.8600,39.9400,822700
1401892799,39.9500,39.9500,39.8700,39.8750,425300
1401893040,39.9390,39.9600,39.9200,39.9500,339200
1401893396,39.9491,39.9700,39.9300,39.9300,391800
1401893699,39.9800,39.9900,39.9300,39.9500,325400
1401893997,39.9776,40.0000,39.9500,39.9800,363400
1401894298,39.9900,40.0000,39.9701,39.9750,203000
1401894599,39.9850,39.9990,39.9800,39.9950,154700
1401894842,39.9950,40.0000,39.9800,39.9850,337100
1401895192,40.0300,40.0400,39.9800,39.9956,260600
1401895442,40.0700,40.0700,40.0000,40.0292,494600
1401895797,40.0800,40.1000,40.0600,40.0700,237200
1401896098,40.1050,40.1200,40.0500,40.0750,426500
1401896347,40.1003,40.1300,40.0700,40.1000,270700
1401896640,40.1400,40.1400,40.1000,40.1000,196200
1401896944,40.1340,40.1600,40.1200,40.1400,175900
1401897241,40.1500,40.1600,40.1300,40.1350,192300
1401897540,40.1000,40.1677,40.0900,40.1500,295500
1401897896,40.1220,40.1300,40.0900,40.0950,229400
1401898142,40.1400,40.1500,40.1200,40.1200,80100
1401898442,40.1600,40.1600,40.1300,40.1350,145300
1401898745,40.1599,40.1600,40.1400,40.1520,222700
1401899044,40.1500,40.1600,40.1400,40.1580,108000
1401899399,40.1900,40.2200,40.1550,40.1550,211900
1401899696,40.1901,40.2000,40.1700,40.1900,93900
1401899951,40.1900,40.2000,40.1700,40.2000,79500
1401900299,40.2400,40.2500,40.1800,40.1800,154000
1401900597,40.2400,40.2400,40.2201,40.2350,94000
1401900840,40.2550,40.2600,40.2200,40.2400,86800
1401901197,40.2350,40.2600,40.2350,40.2600,117500
1401901445,40.2350,40.2500,40.2300,40.2350,208200
1401901742,40.2500,40.2600,40.2212,40.2400,199200
1401902093,40.2600,40.2600,40.2401,40.2450,83700
1401902399,40.2600,40.2800,40.2500,40.2600,163100
1401902641,40.2320,40.2700,40.2300,40.2650,258300
1401902995,40.2000,40.2399,40.1900,40.2300,191300
1401903296,40.2100,40.2170,40.1900,40.1901,204000
1401903597,40.2100,40.2300,40.2000,40.2080,156600
1401903898,40.2000,40.2200,40.2000,40.2150,216400
1401904141,40.2100,40.2100,40.2000,40.2100,200200
1401904496,40.2500,40.2500,40.2000,40.2100,84600
1401904742,40.2800,40.2900,40.2400,40.2400,190900
1401905098,40.2200,40.2800,40.2200,40.2764,233400
1401905341,40.2090,40.2200,40.2000,40.2100,191600
1401905695,40.2280,40.2500,40.1950,40.2099,249400
1401905996,40.2350,40.2400,40.2100,40.2290,209900
1401906242,40.2400,40.2600,40.2100,40.2367,212000
1401906548,40.2500,40.2600,40.2200,40.2350,149500
1401906898,40.2200,40.2500,40.2150,40.2500,284100
1401907195,40.2250,40.2300,40.2000,40.2156,132500
1401907499,40.1700,40.2400,40.1700,40.2300,409900
1401907797,40.1750,40.1800,40.1700,40.1800,167800
1401908041,40.1900,40.2000,40.1700,40.1762,156400
1401908399,40.2150,40.2200,40.1800,40.1900,147700
1401908699,40.2300,40.2400,40.2100,40.2150,146300
1401908999,40.2350,40.2400,40.2200,40.2340,127100
1401909240,40.2400,40.2500,40.2100,40.2301,317300
1401909540,40.2250,40.2500,40.2200,40.2400,197200
1401909896,40.2500,40.2600,40.2200,40.2300,327900
1401910199,40.2850,40.2900,40.2400,40.2500,160000
1401910441,40.3300,40.3300,40.2800,40.2900,344000
1401910740,40.3100,40.3500,40.3000,40.3250,357800
1401911040,40.3150,40.3500,40.2900,40.3000,451100
1401911399,40.2900,40.3200,40.2700,40.3150,534000
1401911641,40.3300,40.3300,40.2830,40.2830,715700
1401911940,40.3200,40.3700,40.3000,40.3200,1587200
1401912000,40.3200,40.3200,40.3200,40.3200,1306200
1401975298,40.4700,40.5739,40.4200,40.4900,0
1401975598,40.5800,40.6000,40.4600,40.4600,663900
1401975897,40.5600,40.5900,40.4400,40.5850,584200
1401976140,40.5399,40.5800,40.5000,40.5500,440300
1401976440,40.5400,40.5800,40.5333,40.5333,572800
1401976799,40.5450,40.5500,40.4600,40.5400,255400
1401977098,40.4100,40.5500,40.4000,40.5500,309800
1401977341,40.4500,40.4600,40.4100,40.4150,403100
1401977697,40.4700,40.4850,40.4300,40.4600,236300
1401977998,40.4742,40.4800,40.4300,40.4600,218300
1401978293,40.4900,40.5200,40.4600,40.4700,358400
1401978540,40.5300,40.5300,40.4700,40.4950,187700
1401978840,40.5200,40.5300,40.5100,40.5200,198800
1401979142,40.5483,40.5700,40.5000,40.5248,272800
1401979499,40.6300,40.6400,40.5401,40.5449,429600
1401979742,40.6350,40.6600,40.5900,40.6400,626100
1401980097,40.6499,40.6600,40.6300,40.6300,177700
1401980399,40.6750,40.6800,40.6300,40.6450,191700
1401980640,40.6500,40.6800,40.6374,40.6700,355800
1401980999,40.6100,40.6700,40.5700,40.6500,337800
1401981242,40.6250,40.6300,40.5800,40.6100,215400
1401981599,40.6510,40.6600,40.6200,40.6245,201600
1401981899,40.6800,40.6800,40.6500,40.6527,262000
1401982142,40.6200,40.6800,40.6200,40.6799,181600
1401982440,40.6300,40.6400,40.5800,40.6200,210700
1401982742,40.6450,40.6500,40.6356,40.6400,81700
1401983099,40.6650,40.6700,40.6400,40.6403,132400
1401983397,40.7300,40.7300,40.6650,40.6800,194300
1401983640,40.7767,40.7800,40.7000,40.7260,341000
1401983999,40.8100,40.8200,40.7700,40.7800,226200
1401984240,40.8450,40.8520,40.8000,40.8026,208600
1401984543,40.8700,40.9100,40.8400,40.8400,397300
1401984899,40.8680,40.8800,40.8500,40.8737,196400
1401985198,40.8800,40.9000,40.8500,40.8700,268600
1401985441,40.8800,40.9000,40.8700,40.8700,203000
1401985744,40.8560,40.8800,40.8500,40.8800,233100
1401986098,40.8700,40.8800,40.8500,40.8550,260900
1401986340,40.8956,40.9200,40.8600,40.8700,324400
1401986644,40.9300,40.9300,40.8800,40.8900,150300
1401986999,40.9020,40.9400,40.9000,40.9300,253400
1401987299,40.9650,40.9700,40.9000,40.9000,197200
1401987598,40.9348,40.9700,40.9300,40.9700,258700
1401987895,40.9200,40.9400,40.9200,40.9300,158700
1401988143,40.9200,40.9400,40.9200,40.9200,107100
1401988440,40.9480,40.9500,40.9200,40.9250,93000
1401988799,40.9500,40.9500,40.9400,40.9400,122000
1401989043,40.9700,40.9700,40.9300,40.9500,340100
1401989398,40.9600,40.9700,40.9600,40.9650,185900
1401989640,40.9600,40.9700,40.9500,40.9650,128000
1401989999,40.9750,40.9750,40.9500,40.9600,490400
1401990299,40.9600,40.9800,40.9600,40.9701,132900
1401990595,40.9600,40.9700,40.9550,40.9626,167200
1401990840,40.9700,40.9800,40.9500,40.9700,168700
1401991195,41.0000,41.0000,40.9700,40.9800,247500
1401991499,40.9901,41.0000,40.9800,40.9900,148800
1401991740,41.0199,41.0200,40.9900,41.0000,285800
1401992099,41.0500,41.0500,41.0100,41.0200,219700
1401992397,41.0800,41.0800,41.0400,41.0500,398900
1401992640,41.1300,41.1400,41.0700,41.0800,461100
1401992998,41.1150,41.1400,41.0801,41.1324,263500
1401993240,41.1700,41.1900,41.1100,41.1200,438400
1401993598,41.1800,41.2100,41.1500,41.1610,585400
1401993840,41.1950,41.2100,41.1600,41.1800,293700
1401994199,41.2500,41.2500,41.1932,41.2000,452700
1401994498,41.2050,41.2500,41.2000,41.2450,320300
1401994740,41.1662,41.2100,41.1500,41.2100,429400
1401995098,41.1500,41.1700,41.1400,41.1600,345400
1401995399,41.1500,41.1600,41.1400,41.1500,451500
1401995699,41.1500,41.1600,41.1200,41.1550,389300
1401995940,41.1600,41.1700,41.1300,41.1500,380300
1401996298,41.1700,41.1900,41.1500,41.1600,488300
1401996598,41.1150,41.1700,41.1100,41.1688,333500
1401996899,41.1200,41.1300,41.1000,41.1150,517400
1401997140,41.2100,41.2100,41.1100,41.1150,690600
1401997499,41.1900,41.2200,41.1800,41.2050,735900
1401997740,41.1800,41.2000,41.1800,41.1900,490300
1401998099,41.2100,41.2400,41.1800,41.1850,1456400
1401998399,41.2000,41.2100,41.1600,41.2100,2399300
1401998400,41.2100,41.2100,41.2100,41.2100,2937200
1402061698,41.5200,41.5800,41.4200,41.4799,0
1402061999,41.6300,41.6600,41.5100,41.5200,742000
1402062242,41.3500,41.6400,41.3053,41.6301,825100
1402062599,41.4100,41.4100,41.2400,41.3510,426500
1402062898,41.3300,41.4300,41.3200,41.4100,267100
1402063196,41.3980,41.4000,41.2500,41.3200,227600
1402063497,41.3900,41.4100,41.3500,41.4000,248200
1402063798,41.4100,41.4250,41.3700,41.3960,290800
1402064040,41.3500,41.4153,41.3500,41.4153,468800
1402064399,41.3300,41.3700,41.3100,41.3500,195100
1402064699,41.3300,41.3600,41.3100,41.3350,253100
1402064999,41.3050,41.3500,41.2600,41.3400,325400
1402065299,41.3200,41.3200,41.2800,41.3000,140000
1402065599,41.3500,41.3500,41.3100,41.3100,383300
1402065899,41.3601,41.3700,41.3400,41.3400,147400
1402066199,41.3600,41.3700,41.3500,41.3680,168000
1402066440,41.3800,41.3900,41.3500,41.3550,163200
1402066740,41.3600,41.3800,41.3600,41.3765,66600
1402067046,41.3500,41.3700,41.3100,41.3600,240000
1402067340,41.3500,41.3600,41.3000,41.3500,158400
1402067699,41.3700,41.3900,41.3400,41.3450,207600
1402067999,41.3900,41.4000,41.3600,41.3601,187000
1402068297,41.4250,41.4300,41.3800,41.3900,180300
1402068540,41.4050,41.4300,41.3900,41.4300,214100
1402068899,41.3900,41.4100,41.3600,41.4000,176100
1402069199,41.4100,41.4100,41.3700,41.3900,195600
1402069440,41.4000,41.4199,41.3600,41.4100,149100
1402069742,41.4100,41.4100,41.3900,41.4000,77200
1402070099,41.4510,41.4600,41.4000,41.4050,129300
1402070340,41.3760,41.4600,41.3700,41.4550,235800
1402070640,41.4000,41.4000,41.3700,41.3700,101500
1402070999,41.3500,41.4000,41.3300,41.3950,240500
1402071295,41.3810,41.3900,41.3300,41.3500,170900
1402071541,41.4000,41.4000,41.3700,41.3800,86100
1402071898,41.4000,41.4000,41.3900,41.4000,27800
1402072150,41.4200,41.4200,41.3950,41.3950,52700
1402072496,41.4600,41.4600,41.4100,41.4200,66900
1402072796,41.4620,41.4800,41.4500,41.4600,227100
1402073042,41.4750,41.4800,41.4400,41.4700,100700
1402073340,41.4600,41.4800,41.4500,41.4700,143100
1402073640,41.4680,41.4700,41.4500,41.4600,46500
1402073999,41.4400,41.4700,41.4400,41.4700,128100
1402074241,41.4100,41.4400,41.3800,41.4400,93100
1402074540,41.4300,41.4300,41.4100,41.4100,40800
1402074841,41.4000,41.4300,41.4000,41.4200,148600
1402075144,41.4000,41.4200,41.3900,41.4000,144700
1402075498,41.4300,41.4400,41.4000,41.4000,92900
1402075797,41.4150,41.4400,41.4100,41.4300,251200
1402076040,41.3500,41.4150,41.3500,41.4150,179500
1402076341,41.3400,41.3600,41.3100,41.3501,257400
1402076698,41.3600,41.3800,41.3450,41.3450,125600
1402076940,41.4000,41.4000,41.3550,41.3599,91500
1402077298,41.4000,41.4100,41.3800,41.4000,101200
1402077540,41.4500,41.4500,41.3900,41.3950,117000
1402077897,41.4180,41.4500,41.4000,41.4420,186100
1402078140,41.4250,41.4300,41.4100,41.4150,62500
1402078499,41.4000,41.4300,41.3900,41.4300,336600
1402078799,41.3499,41.4000,41.3400,41.4000,167000
1402079040,41.3700,41.3800,41.3400,41.3463,154200
1402079394,41.3940,41.4150,41.3700,41.3750,291000
1402079699,41.4000,41.4100,41.3800,41.4000,204900
1402079941,41.4500,41.4500,41.3910,41.4000,118300
1402080299,41.4800,41.4800,41.4400,41.4400,163700
1402080540,41.4800,41.4800,41.4700,41.4800,140900
1402080899,41.4380,41.4800,41.4200,41.4800,279300
1402081198,41.4800,41.4800,41.4301,41.4400,195100
1402081440,41.5000,41.5000,41.4700,41.4747,156700
1402081799,41.5450,41.5500,41.4930,41.5000,232900
1402082041,41.5600,41.5600,41.5400,41.5497,119300
1402082399,41.5750,41.5800,41.5500,41.5550,280900
1402082642,41.5400,41.5900,41.4900,41.5700,455600
1402082996,41.5150,41.5700,41.5150,41.5400,219300
1402083240,41.4000,41.5200,41.4000,41.5200,473400
1402083599,41.4000,41.4800,41.4000,41.4050,477900
1402083899,41.4000,41.4200,41.3700,41.4000,381000
1402084199,41.3800,41.4500,41.3700,41.4100,539700
1402084499,41.3890,41.4300,41.3800,41.3800,573600
1402084740,41.4800,41.4800,41.3800,41.3850,1492600
1402084800,41.4800,41.4800,41.4800,41.4800,2877800
1402320841,41.1650,41.3400,41.1400,41.3300,0
1402321141,41.2055,41.2100,41.1300,41.1700,400300
1402321490,41.1900,41.2600,41.1850,41.2050,266300
1402321799,41.2400,41.2600,41.1950,41.1950,206200
1402322099,41.2499,41.2700,41.2400,41.2450,174500
1402322399,41.2500,41.2800,41.2200,41.2499,308000
1402322699,41.1500,41.2550,41.1500,41.2500,239900
1402322943,41.2200,41.2300,41.1400,41.1500,240900
1402323242,41.2600,41.2700,41.2000,41.2200,195600
1402323540,41.2950,41.3300,41.2500,41.2500,154100
1402323898,41.3199,41.3200,41.2900,41.2980,132500
1402324175,41.3350,41.3400,41.3100,41.3200,100700
1402324499,41.3100,41.3200,41.2900,41.3200,97000
1402324799,41.3000,41.3200,41.2800,41.3100,82300
1402325098,41.2700,41.3050,41.2700,41.3000,85400
1402325399,41.3000,41.3000,41.2600,41.2750,177200
1402325640,41.3000,41.3100,41.2800,41.2990,117600
1402325945,41.3200,41.3300,41.2900,41.3000,93800
1402326240,41.2650,41.3400,41.2628,41.3200,132800
1402326540,41.2775,41.3000,41.2600,41.2691,108200
1402326899,41.2700,41.2900,41.2700,41.2750,104700
1402327142,41.2950,41.3000,41.2700,41.2700,102300
1402327498,41.3073,41.3200,41.2900,41.3000,104200
1402327742,41.3100,41.3160,41.2800,41.3001,108500
1402328096,41.3550,41.3650,41.3100,41.3174,143900
1402328397,41.3600,41.3700,41.3550,41.3550,69400
1402328640,41.3597,41.3700,41.3500,41.3700,74500
1402328941,41.3600,41.3600,41.3400,41.3600,111100
1402329295,41.3597,41.3700,41.3500,41.3600,74500
1402329596,41.3296,41.3600,41.3100,41.3544,136700
1402329899,41.3200,41.3300,41.3100,41.3200,72600
1402330199,41.3150,41.3200,41.3050,41.3200,118400
1402330442,41.3000,41.3300,41.2944,41.3200,126200
1402330750,41.2900,41.3000,41.2800,41.2900,70300
1402331098,41.3100,41.3150,41.2700,41.2900,177500
1402331399,41.2926,41.3100,41.2900,41.3100,86600
1402331699,41.2950,41.3100,41.2900,41.3000,70900
1402331999,41.3000,41.3100,41.2900,41.3000,132900
1402332299,41.2800,41.3100,41.2700,41.3000,203900
1402332594,41.3000,41.3100,41.2800,41.2800,85300
1402332897,41.2980,41.3000,41.2900,41.2900,43800
1402333198,41.2700,41.3000,41.2501,41.2970,80500
1402333450,41.2780,41.2800,41.2649,41.2700,109500
1402333799,41.2580,41.2800,41.2500,41.2700,192200
1402334043,41.2480,41.2700,41.2400,41.2600,68300
1402334398,41.2250,41.2500,41.2100,41.2400,128200
1402334641,41.2200,41.2300,41.1700,41.2300,179700
1402334999,41.2100,41.2300,41.1924,41.2200,82700
1402335299,41.2099,41.2200,41.1900,41.2050,94400
1402335599,41.2100,41.2200,41.1800,41.2100,86500
1402335840,41.2100,41.2200,41.1700,41.2099,179000
1402336142,41.2200,41.2200,41.1900,41.2090,96700
1402336442,41.1700,41.2200,41.1700,41.2200,104100
1402336799,41.1400,41.1800,41.1300,41.1700,132100
1402337099,41.1300,41.1400,41.1000,41.1300,191300
1402337399,41.0701,41.1400,41.0700,41.1300,117100
1402337640,41.0300,41.0800,41.0200,41.0700,239100
1402337998,41.0500,41.1000,41.0300,41.0300,228300
1402338294,41.0700,41.0800,41.0400,41.0450,88800
1402338540,41.0750,41.0900,41.0600,41.0600,104500
1402338899,41.1000,41.1100,41.0700,41.0800,112200
1402339197,41.1350,41.1600,41.0925,41.0950,164000
1402339494,41.1600,41.1600,41.1350,41.1400,127900
1402339799,41.1450,41.1600,41.1400,41.1600,75700
1402340041,41.1700,41.1800,41.1400,41.1500,201300
1402340340,41.1600,41.1800,41.1600,41.1700,142500
1402340698,41.1678,41.1700,41.1600,41.1601,75300
1402340999,41.1400,41.1700,41.1400,41.1699,139800
1402341298,41.1600,41.1600,41.1400,41.1400,181400
1402341598,41.1950,41.2000,41.1500,41.1600,218600
1402341898,41.1900,41.2000,41.1800,41.2000,119300
1402342193,41.2099,41.2300,41.1800,41.1900,157500
1402342441,41.1801,41.2100,41.1800,41.2000,179700
1402342796,41.1750,41.1900,41.1700,41.1800,193500
1402343099,41.1310,41.1800,41.1300,41.1700,239600
1402343397,41.1600,41.1800,41.1300,41.1300,198600
1402343699,41.2100,41.2200,41.1600,41.1650,625600
1402343940,41.2700,41.2700,41.2100,41.2100,1301900
1402344000,41.2600,41.2600,41.2600,41.2600,500
1402407240,41.0300,41.0300,40.8600,40.9300,0
1402407541,40.9600,41.0200,40.9200,41.0200,491300
1402407897,40.9200,41.0300,40.9200,40.9600,351900
1402408141,41.0020,41.0200,40.9000,40.9200,300400
1402408496,41.0000,41.0500,40.9599,41.0100,210200
1402408741,41.0001,41.0001,40.9401,40.9900,171000
1402409098,41.0620,41.0900,41.0000,41.0100,230900
1402409340,41.0800,41.1100,41.0400,41.0650,269200
1402409699,41.1100,41.1200,41.0600,41.0757,280400
1402409999,41.0650,41.1100,41.0650,41.1100,155000
1402410292,41.1000,41.1100,41.0600,41.0600,230700
1402410596,41.0700,41.1260,41.0700,41.1000,157800
1402410842,41.0820,41.1050,41.0600,41.0700,135000
1402411197,41.0400,41.0900,41.0200,41.0900,160500
1402411498,41.0800,41.0900,41.0400,41.0400,105400
1402411799,41.0650,41.0800,41.0600,41.0700,75200
1402412040,41.0700,41.0900,41.0500,41.0600,155700
1402412396,41.1340,41.1400,41.0700,41.0800,134500
1402412641,41.1400,41.1500,41.1200,41.1300,108300
1402412948,41.1501,41.1600,41.1300,41.1350,99800
1402413240,41.1300,41.1600,41.1300,41.1501,77700
1402413595,41.0800,41.1400,41.0700,41.1400,139200
1402413840,41.0700,41.0750,41.0580,41.0700,84200
1402414146,41.0500,41.0800,41.0500,41.0800,111700
1402414440,41.0550,41.0600,41.0300,41.0600,212400
1402414750,41.0800,41.0800,41.0500,41.0500,80700
1402415043,41.0800,41.0800,41.0700,41.0750,48700
1402415340,41.0500,41.0800,41.0400,41.0800,100400
1402415694,41.0380,41.0500,41.0212,41.0500,68600
1402415999,41.0700,41.0700,41.0301,41.0350,76100
1402416286,41.0451,41.0700,41.0450,41.0700,104400
1402416546,41.0699,41.0700,41.0400,41.0467,57900
1402416898,41.0650,41.0700,41.0600,41.0620,41400
1402417197,41.0550,41.0800,41.0500,41.0600,131800
1402417441,41.0800,41.0900,41.0500,41.0550,68900
1402417744,41.0950,41.1000,41.0740,41.0800,65100
1402418098,41.1074,41.1100,41.0900,41.1000,102700
1402418361,41.0856,41.1300,41.0856,41.1100,93700
1402418697,41.0800,41.0900,41.0600,41.0800,103500
1402418948,41.0900,41.0900,41.0700,41.0800,41500
1402419297,41.1100,41.1100,41.0700,41.0900,171700
1402419590,41.1000,41.1100,41.1000,41.1100,28300
1402419840,41.0900,41.1100,41.0800,41.1100,136000
1402420143,41.0601,41.0900,41.0600,41.0900,80900
1402420445,41.0529,41.0700,41.0500,41.0650,68600
1402420753,41.0500,41.0600,41.0200,41.0550,78200
1402421096,41.0500,41.0500,41.0400,41.0500,40400
1402421398,41.0500,41.0500,41.0200,41.0500,82300
1402421698,41.0600,41.0600,41.0300,41.0500,73800
1402421999,41.0560,41.0600,41.0400,41.0600,59100
1402422297,41.0400,41.0750,41.0400,41.0560,131300
1402422542,41.0650,41.0700,41.0400,41.0450,94200
1402422840,41.0800,41.0800,41.0600,41.0700,81100
1402423199,41.1032,41.1100,41.0700,41.0800,108000
1402423440,41.0750,41.1090,41.0600,41.1000,160000
1402423798,41.0800,41.0800,41.0600,41.0700,48600
1402424042,41.0900,41.0900,41.0700,41.0800,75600
1402424341,41.0800,41.0900,41.0600,41.0800,91900
1402424698,41.0800,41.0950,41.0800,41.0800,64100
1402424940,41.1000,41.1000,41.0800,41.0800,112000
1402425241,41.0750,41.1000,41.0700,41.1000,67500
1402425598,41.0599,41.0800,41.0500,41.0744,174000
1402425840,41.0400,41.0600,41.0400,41.0550,42400
1402426146,41.0400,41.0500,41.0300,41.0400,118400
1402426497,41.0400,41.0400,41.0300,41.0400,33400
1402426742,41.0277,41.0500,41.0150,41.0400,243000
1402427041,41.0400,41.0400,41.0200,41.0250,79500
1402427399,41.0400,41.0500,41.0300,41.0400,89800
1402427699,41.0300,41.0500,41.0300,41.0500,172600
1402427940,41.0500,41.0600,41.0300,41.0350,146800
1402428241,41.0775,41.0800,41.0400,41.0500,122400
1402428540,41.0899,41.0900,41.0700,41.0800,152900
1402428840,41.0944,41.1400,41.0800,41.0900,234800
1402429140,41.0999,41.1100,41.0800,41.0950,268000
1402429499,41.0500,41.1100,41.0500,41.0950,192500
1402429798,41.0599,41.0600,41.0300,41.0500,243600
1402430097,41.0800,41.1050,41.0600,41.0600,597700
1402430340,41.1100,41.1100,41.0600,41.0900,918400
1402430400,41.1100,41.1100,41.1100,41.1100,1885800
1402493699,40.8299,40.9300,40.8000,40.8700,0
1402493999,40.8400,40.8700,40.7700,40.8400,437500
1402494299,40.8980,40.9000,40.8050,40.8400,349100
1402494599,40.9300,40.9600,40.8900,40.9000,528900
1402494899,41.0000,41.0200,40.9300,40.9300,456400
1402495199,41.0050,41.0700,40.9800,41.0000,309300
1402495441,41.0050,41.0151,40.9700,41.0100,271600
1402495799,40.9888,41.0600,40.9800,41.0100,181900
1402496041,40.9500,40.9850,40.9300,40.9800,197900
1402496399,40.9300,40.9601,40.9200,40.9600,121800
1402496699,40.8800,40.9500,40.8800,40.9400,181300
1402496999,40.8300,40.8850,40.8000,40.8800,359800
1402497299,40.8700,40.8700,40.8100,40.8250,221000
1402497592,40.8100,40.8700,40.8000,40.8700,242700
1402497898,40.8700,40.8700,40.8100,40.8150,331800
1402498142,40.8700,40.8900,40.8650,40.8700,118900
1402498495,40.8760,40.8800,40.8350,40.8700,134300
1402498740,40.9000,40.9150,40.8700,40.8800,212200
1402499098,40.9100,40.9500,40.9000,40.9100,136200
1402499398,40.9300,40.9400,40.9000,40.9050,109300
1402499699,40.9400,40.9600,40.9300,40.9377,91600
1402499946,40.9400,40.9500,40.9200,40.9400,97000
1402500297,40.9600,40.9600,40.9300,40.9350,92200
1402500544,40.9400,40.9700,40.9300,40.9600,101500
1402500899,40.9800,40.9900,40.9300,40.9300,136400
1402501199,40.9400,40.9800,40.9400,40.9720,142600
1402501440,40.9000,40.9410,40.9000,40.9410,150100
1402501740,40.9300,40.9500,40.9050,40.9050,63400
1402502043,40.9250,40.9500,40.9000,40.9300,76500
1402502340,40.9550,40.9700,40.9200,40.9300,80300
1402502644,40.9550,40.9600,40.9400,40.9600,45000
1402502998,40.9400,40.9600,40.9400,40.9571,38900
1402503299,40.9500,40.9600,40.9300,40.9450,77500
1402503599,40.9250,40.9600,40.9000,40.9500,94700
1402503899,40.9100,40.9300,40.9000,40.9300,63200
1402504198,40.9100,40.9300,40.9000,40.9200,93600
1402504447,40.9150,40.9300,40.8927,40.9100,198300
1402504797,40.9300,40.9500,40.9201,40.9201,37400
1402505099,40.9350,40.9650,40.9223,40.9300,196500
1402505347,40.9480,40.9600,40.9300,40.9400,42200
1402505641,40.9500,40.9600,40.9450,40.9456,19700
1402505940,40.9400,40.9500,40.9200,40.9500,62700
1402506241,40.8850,40.9600,40.8600,40.9400,139500
1402506598,40.9000,40.9020,40.8700,40.8935,75100
1402506854,40.8700,40.9000,40.8700,40.9000,58200
1402507196,40.8750,40.8900,40.8700,40.8800,38100
1402507499,40.8900,40.9000,40.8700,40.8800,67000
1402507798,40.9100,40.9100,40.8800,40.8900,58500
1402508080,40.8944,40.9200,40.8900,40.9100,91000
1402508349,40.8900,40.9000,40.8700,40.8900,63200
1402508698,40.9000,40.9100,40.8800,40.8900,58000
1402508944,40.8600,40.9000,40.8550,40.8926,62300
1402509299,40.9100,40.9100,40.8600,40.8650,114400
1402509548,40.8750,40.9100,40.8600,40.9100,81400
1402509849,40.8600,40.8900,40.8600,40.8700,89000
1402510141,40.8350,40.8699,40.8100,40.8600,96300
1402510441,40.8300,40.8500,40.8100,40.8300,87100
1402510740,40.8500,40.8590,40.8300,40.8300,79500
1402511099,40.8500,40.8600,40.8200,40.8450,87600
1402511399,40.8750,40.8885,40.8350,40.8500,156700
1402511699,40.8850,40.9000,40.8650,40.8750,130100
1402511940,40.8850,40.8900,40.8800,40.8850,34300
1402512241,40.8700,40.8900,40.8500,40.8850,954100
1402512596,40.8450,40.8900,40.8400,40.8680,187200
1402512899,40.8300,40.8600,40.8100,40.8400,220100
1402513199,40.8301,40.8500,40.8200,40.8400,109400
1402513440,40.8250,40.8450,40.8200,40.8400,116800
1402513798,40.8300,40.8400,40.8100,40.8200,101200
1402514096,40.8100,40.8400,40.8100,40.8300,130600
1402514340,40.8000,40.8200,40.8000,40.8100,130300
1402514699,40.7700,40.8050,40.7700,40.8000,232000
1402514999,40.8100,40.8100,40.7700,40.7700,296300
1402515299,40.8150,40.8200,40.7650,40.8100,473600
1402515599,40.8050,40.8200,40.8000,40.8200,219200
1402515840,40.8150,40.8200,40.8000,40.8100,258700
1402516140,40.8400,40.8600,40.8100,40.8100,316200
1402516499,40.8050,40.8600,40.8050,40.8450,475700
1402516740,40.8200,40.8300,40.8000,40.8100,547000
1402580040,40.8300,40.8300,40.7200,40.7473,0
1402580399,40.7700,40.8300,40.7300,40.8300,295400
1402580699,40.7399,40.7900,40.7199,40.7653,314400
1402580999,40.5150,40.7400,40.5000,40.7400,765800
1402581299,40.6250,40.6500,40.5100,40.5200,363100
1402581540,40.5800,40.6300,40.5400,40.6300,359200
1402581899,40.6300,40.7100,40.5740,40.5740,326200
1402582199,40.6500,40.6700,40.5900,40.6400,237200
1402582498,40.5200,40.6600,40.5200,40.6500,386200
1402582741,40.5324,40.5500,40.5000,40.5251,287900
1402583052,40.5900,40.5900,40.5300,40.5300,205800
1402583399,40.4600,40.5853,40.4600,40.5853,382800
1402583641,40.5050,40.5100,40.4570,40.4600,294500
1402583997,40.5600,40.5800,40.5000,40.5100,260600
1402584242,40.5238,40.5600,40.5100,40.5510,177400
1402584599,40.5100,40.5400,40.4950,40.5300,250600
1402584846,40.5430,40.5500,40.5100,40.5100,141100
1402585143,40.5251,40.5700,40.5200,40.5450,209000
1402585499,40.5849,40.5900,40.5100,40.5256,229500
1402585741,40.6650,40.6800,40.5800,40.5800,259900
1402586041,40.6610,40.6800,40.6500,40.6700,196500
1402586396,40.6550,40.6700,40.6300,40.6656,190300
1402586699,40.6400,40.6600,40.6100,40.6555,233500
1402586998,40.6650,40.6800,40.6300,40.6400,166200
1402587299,40.6948,40.7100,40.6500,40.6650,189800
1402587599,40.6900,40.7000,40.6600,40.6950,84700
1402587840,40.6550,40.6900,40.6520,40.6850,120000
1402588199,40.6450,40.6700,40.6400,40.6600,69200
1402588499,40.6150,40.6500,40.6000,40.6400,183300
1402588741,40.5920,40.6400,40.5900,40.6200,100900
1402589045,40.5952,40.6100,40.5750,40.5900,166100
1402589399,40.6050,40.6100,40.5800,40.5920,66100
1402589699,40.6150,40.6150,40.6000,40.6050,143100
1402589941,40.6100,40.6200,40.6100,40.6150,80400
1402590299,40.5800,40.6167,40.5750,40.6100,173000
1402590540,40.5924,40.6100,40.5700,40.5700,154500
1402590841,40.6400,40.6400,40.5900,40.5900,101500
1402591141,40.6650,40.6900,40.6300,40.6400,130300
1402591444,40.5900,40.6600,40.5900,40.6600,161200
1402591784,40.5852,40.6000,40.5700,40.5900,115800
1402592043,40.5200,40.5900,40.5200,40.5900,171200
1402592341,40.5550,40.5700,40.5000,40.5201,175200
1402592699,40.5200,40.5620,40.5200,40.5500,110500
1402592940,40.5000,40.5300,40.5000,40.5200,143100
1402593295,40.5100,40.5500,40.5000,40.5000,207600
1402593599,40.4600,40.5200,40.4600,40.5000,1174300
1402593899,40.4701,40.4900,40.4500,40.4600,233700
1402594199,40.4700,40.4900,40.4500,40.4700,182100
1402594488,40.4650,40.4900,40.4500,40.4800,244300
1402594741,40.4810,40.4900,40.4600,40.4647,153300
1402595099,40.4800,40.5000,40.4500,40.4800,189600
1402595340,40.4800,40.4950,40.4500,40.4800,190700
1402595642,40.4101,40.4850,40.4100,40.4800,236200
1402595947,40.4600,40.4600,40.4000,40.4149,270700
1402596240,40.4500,40.4600,40.4400,40.4500,166600
1402596599,40.4001,40.4600,40.4000,40.4600,199500
1402596898,40.4400,40.4400,40.3900,40.4000,187200
1402597140,40.4600,40.4800,40.4301,40.4400,167900
1402597497,40.4600,40.4900,40.4350,40.4533,266900
1402597795,40.4500,40.4700,40.4400,40.4600,104200
1402598045,40.4199,40.4600,40.4100,40.4600,152600
1402598399,40.4200,40.4300,40.3900,40.4200,216200
1402598698,40.4300,40.4400,40.4050,40.4150,153100
1402598999,40.4450,40.4500,40.4200,40.4400,177200
1402599298,40.4026,40.4500,40.4000,40.4500,206600
1402599542,40.3800,40.4100,40.3700,40.4000,455000
1402599899,40.3450,40.3850,40.3400,40.3850,338600
1402600198,40.3599,40.3600,40.3400,40.3450,278200
1402600499,40.3000,40.3600,40.2900,40.3550,649700
1402600793,40.3700,40.3800,40.2920,40.3000,824000
1402601097,40.3978,40.4300,40.3500,40.3601,451300
1402601394,40.3601,40.4000,40.3500,40.4000,718600
1402601699,40.3600,40.3800,40.3400,40.3600,456500
1402601998,40.3050,40.3750,40.3000,40.3520,490800
1402602240,40.4100,40.4100,40.3000,40.3100,905800
1402602598,40.4100,40.4400,40.3900,40.4000,879600
1402602898,40.4850,40.4900,40.4050,40.4050,804300
1402603140,40.5800,40.6000,40.4800,40.4900,2448500
1402603200,40.5800,40.5800,40.5800,40.5800,3601900
1402666499,40.8800,41.1500,40.8600,41.0400,0
1402666740,41.0550,41.1500,40.8700,40.8700,599200
1402667096,41.0400,41.0900,40.9400,41.0600,684200
1402667399,41.0800,41.1000,41.0300,41.0400,338700
1402667698,41.0700,41.1000,41.0400,41.0753,311900
1402667941,41.1850,41.1900,41.0600,41.0800,613100
1402668298,41.1099,41.3100,41.0700,41.1822,934200
1402668595,41.1400,41.1700,41.1000,41.1100,266700
1402668899,41.2400,41.2800,41.1100,41.1450,607100
1402669199,41.3700,41.3700,41.2400,41.2437,580300
1402669440,41.4500,41.4800,41.3300,41.3700,946300
1402669798,41.4900,41.5600,41.4400,41.4500,1127400
1402670099,41.5200,41.5650,41.4600,41.4900,754900
1402670399,41.3900,41.5400,41.3850,41.5200,628700
1402670699,41.4600,41.4700,41.3900,41.3900,277700
1402670941,41.4250,41.4700,41.3900,41.4600,180800
1402671295,41.4150,41.4300,41.4000,41.4300,170200
1402671543,41.3900,41.4200,41.3450,41.4200,248900
1402671898,41.4000,41.4300,41.3600,41.4000,372500
1402672140,41.3800,41.4100,41.3700,41.4000,215600
1402672499,41.3200,41.3900,41.3200,41.3800,253700
1402672790,41.3750,41.3800,41.3200,41.3200,211300
1402673098,41.4350,41.4400,41.3700,41.3700,310500
1402673397,41.3600,41.4300,41.3600,41.4200,152400
1402673698,41.2800,41.3700,41.2700,41.3600,295900
1402673942,41.2400,41.2825,41.2100,41.2825,521400
1402674241,41.2300,41.2600,41.2300,41.2400,274600
1402674598,41.1300,41.2400,41.1200,41.2300,267900
1402674897,41.1850,41.2100,41.1100,41.1300,309900
1402675140,41.1900,41.2000,41.1700,41.1850,197000
1402675442,41.1799,41.1900,41.1600,41.1900,157800
1402675741,41.2150,41.2160,41.1700,41.1790,200200
1402676099,41.2050,41.2200,41.2000,41.2200,47400
1402676398,41.2500,41.2500,41.2000,41.2050,114600
1402676696,41.2620,41.2700,41.2400,41.2425,217000
1402676940,41.3150,41.3200,41.2500,41.2700,260000
1402677297,41.2900,41.3300,41.2800,41.3149,150600
1402677540,41.2805,41.3000,41.2700,41.2850,90800
1402677899,41.2950,41.3100,41.2700,41.2900,128100
1402678197,41.2800,41.3050,41.2800,41.2999,71000
1402678440,41.2900,41.2900,41.2750,41.2840,73500
1402678740,41.2440,41.2900,41.2400,41.2850,92400
1402679098,41.2700,41.2800,41.2400,41.2440,178900
1402679399,41.2330,41.2750,41.2300,41.2740,69600
1402679640,41.1950,41.2300,41.1800,41.2300,120900
1402679998,41.2300,41.2300,41.1940,41.1940,72900
1402680295,41.2500,41.2500,41.2200,41.2256,131200
1402680595,41.2980,41.3100,41.2400,41.2425,140700
1402680840,41.2540,41.3000,41.2100,41.3000,269300
1402681140,41.2400,41.2540,41.2000,41.2510,83900
1402681441,41.2900,41.2900,41.2300,41.2300,87500
1402681741,41.2720,41.2900,41.2700,41.2801,59500
1402682040,41.3200,41.3300,41.2700,41.2800,108400
1402682341,41.3500,41.3500,41.3150,41.3150,129700
1402682642,41.3200,41.3500,41.3200,41.3400,144200
1402682942,41.3300,41.3300,41.3100,41.3200,82000
1402683298,41.3500,41.3500,41.3300,41.3400,57600
1402683540,41.3465,41.3800,41.3400,41.3450,247900
1402683898,41.3200,41.3500,41.3100,41.3400,139100
1402684199,41.2950,41.3200,41.2900,41.3200,142900
1402684498,41.2800,41.3000,41.2600,41.3000,201500
1402684798,41.2950,41.3000,41.2701,41.2899,72300
1402685099,41.2850,41.3200,41.2700,41.3000,183400
1402685340,41.2500,41.2900,41.2500,41.2840,142900
1402685640,41.2550,41.2650,41.2300,41.2500,134100
1402685947,41.2450,41.2600,41.2400,41.2550,111600
1402686299,41.2335,41.2600,41.2300,41.2500,199900
1402686598,41.2801,41.2900,41.2300,41.2300,169200
1402686898,41.2301,41.2900,41.2300,41.2850,263300
1402687197,41.2350,41.2500,41.2300,41.2399,212800
1402687440,41.1450,41.2400,41.1300,41.2350,265700
1402687740,41.1150,41.1500,41.1050,41.1400,286000
1402688096,41.0950,41.1200,41.0900,41.1160,276400
1402688399,41.1700,41.1700,41.0900,41.0900,397500
1402688640,41.1180,41.1700,41.1000,41.1650,242600
1402688999,41.1400,41.1400,41.0900,41.1150,370000
1402689240,41.1900,41.2000,41.1350,41.1350,766100
1402689599,41.2300,41.2300,41.1700,41.1900,1374200
1402689600,41.2200,41.2200,41.2200,41.2200,500
