002271 东方雨虹 日线 后复权
      日期	    开盘	    最高	    最低	    收盘	    成交量	    成交额
09102008,20.98,21.80,19.68,19.99,8751957,178218176.000
09112008,18.15,18.50,17.99,17.99,3752591,67724832.000
09122008,17.40,17.65,16.80,17.00,2721498,46806688.000
09162008,17.00,17.00,16.00,16.16,1950906,32029990.000
09172008,16.18,16.49,15.80,16.33,1469683,23632404.000
09182008,15.80,16.10,15.15,15.60,1372113,21527212.000
09192008,16.99,17.16,16.52,17.16,2457380,41665456.000
09222008,18.88,18.88,17.56,17.93,3723476,68633640.000
09232008,16.99,17.22,16.14,16.14,1467149,24348952.000
09242008,15.78,15.94,15.18,15.77,797188,12385166.000
09252008,15.83,16.65,15.80,16.09,1197982,19422410.000
09262008,16.21,16.24,15.51,15.61,803529,12689009.000
10062008,15.20,15.28,14.69,14.72,688079,10207617.000
10072008,14.28,14.72,14.19,14.62,389259,5636995.000
10082008,14.30,14.49,14.15,14.20,370701,5310078.000
10092008,14.48,14.55,14.10,14.18,448553,6402978.000
10102008,13.70,13.70,12.81,12.85,677095,8961155.000
10132008,12.60,13.14,12.33,13.11,628098,7951569.500
10142008,13.59,13.62,12.81,12.82,628780,8339235.500
10152008,12.82,13.26,12.60,12.99,382480,4934253.000
10162008,12.15,12.44,11.89,11.90,379136,4615970.000
10172008,12.08,12.20,11.90,12.08,208079,2498701.500
10202008,12.07,12.40,11.90,12.37,313822,3821693.250
10212008,12.46,12.65,12.30,12.48,392228,4894954.000
10222008,12.21,13.10,12.10,12.68,549604,6973039.000
10232008,12.32,12.66,12.25,12.65,252282,3147638.750
10242008,12.55,13.03,12.55,12.78,495106,6332200.500
10272008,12.98,13.50,12.63,12.82,1069978,13984424.000
10282008,12.65,13.29,12.65,13.20,875949,11435212.000
10292008,13.35,13.69,13.18,13.21,690025,9212801.000
10302008,13.41,13.46,13.00,13.12,400524,5281610.000
10312008,13.12,13.59,13.12,13.51,461882,6190079.000
11032008,13.48,14.29,13.43,14.22,852269,11924089.000
11042008,14.02,14.24,13.61,13.95,459994,6385014.500
11052008,14.00,14.55,13.91,14.45,752197,10731130.000
11062008,14.01,15.18,13.96,14.40,902921,13239138.000
11072008,14.30,14.79,14.08,14.78,650594,9515910.000
11102008,15.21,16.26,15.01,15.96,981873,15544247.000
11112008,15.92,16.80,15.53,16.50,1163809,19102400.000
11122008,16.30,18.15,16.23,18.07,1883772,33366196.000
11132008,17.79,18.81,17.44,18.40,1698322,30687540.000
11142008,18.30,19.15,17.90,18.42,1682848,31110280.000
11172008,18.32,20.26,18.08,20.26,1851954,35828196.000
11182008,20.00,20.46,18.32,19.00,1960762,37949024.000
11192008,18.81,20.30,18.70,20.20,1656282,32043928.000
11202008,19.60,19.99,18.70,18.71,1225941,23740802.000
11212008,18.00,19.38,17.06,18.30,1514133,27401112.000
11242008,18.40,18.48,17.41,17.61,734683,13141933.000
11252008,17.78,18.39,17.45,17.97,714650,12831431.000
11262008,18.15,18.57,17.61,18.26,635393,11543319.000
11272008,19.30,19.62,18.17,18.18,1139455,21602110.000
11282008,17.81,18.30,17.37,18.00,670628,11926890.000
12012008,17.98,19.10,17.60,18.85,754416,13993796.000
12022008,18.51,20.74,18.31,20.74,1783813,36362064.000
12032008,20.98,22.81,20.98,22.81,1260188,27944820.000
12042008,24.38,25.09,24.10,25.09,1950756,48810452.000
12052008,25.58,26.58,24.20,25.40,2512390,63684472.000
12082008,25.68,27.48,24.43,26.08,2236197,57868488.000
12092008,25.50,25.90,24.60,25.00,1412101,35380348.000
12102008,24.50,27.50,24.40,27.50,3023000,80416560.000
12112008,28.10,29.43,26.70,27.00,3482685,97212152.000
12122008,26.80,26.99,24.80,25.50,2441979,62758224.000
12152008,25.75,26.49,24.01,24.99,2096912,52738480.000
12162008,24.53,25.80,24.52,25.61,1570701,39524552.000
12172008,25.81,26.50,25.40,25.81,1796625,46796808.000
12182008,25.40,25.87,24.80,25.54,1248752,31627206.000
12192008,25.54,28.09,25.54,28.09,2817406,77453024.000
12222008,28.00,30.90,28.00,28.99,3117126,92680288.000
12232008,28.50,28.62,26.09,26.09,2317321,63819476.000
12242008,25.05,27.98,25.05,27.13,2228639,59831272.000
12252008,27.00,28.15,26.00,28.15,1731628,46935060.000
12262008,28.20,30.30,27.56,28.02,2170117,63016460.000
12292008,27.35,30.50,26.50,30.50,2346500,67527144.000
12302008,30.60,33.55,29.68,33.36,2941200,92074608.000
12312008,32.72,35.86,32.60,33.10,2587500,87899456.000
01062009,33.99,35.20,33.32,34.35,2204400,75308832.000
01072009,33.56,34.87,33.55,33.83,1496700,51282500.000
01082009,33.31,37.21,33.00,37.21,2923100,104524664.000
01092009,37.30,38.70,36.25,37.66,2394700,89597760.000
01122009,37.39,38.99,36.81,38.11,1782500,67279000.000
01132009,37.40,39.11,34.83,35.20,2901200,107324328.000
01142009,35.19,36.89,34.44,36.30,2180500,78530048.000
01152009,35.88,36.62,34.20,35.54,2077800,73598640.000
01162009,35.83,36.49,35.00,35.11,1344700,47872580.000
01192009,35.11,36.50,34.16,36.35,1771400,62369192.000
01202009,36.36,36.92,35.90,36.05,1197600,43619780.000
01212009,35.80,36.30,34.90,35.28,1032100,36510344.000
01222009,35.35,38.81,35.35,38.81,2642100,99259680.000
01232009,38.00,38.30,34.93,36.40,2525000,91874592.000
02022009,36.70,36.78,35.10,36.35,1293500,46495268.000
02032009,35.75,36.89,35.75,36.32,1563900,56588692.000
02042009,36.60,37.70,36.50,36.56,1262200,46552716.000
02052009,36.60,38.00,36.40,37.30,1865700,69470200.000
02062009,37.10,38.25,36.50,37.57,2245800,84381848.000
02092009,37.02,38.47,36.60,37.82,2272600,85148536.000
02102009,37.70,38.55,36.80,38.05,2051300,76863488.000
02112009,37.40,40.99,37.10,38.90,2670600,105699704.000
02122009,38.92,39.50,36.61,37.35,2151600,80476856.000
02132009,37.10,37.99,36.62,37.25,1661200,61789088.000
02172009,37.32,38.90,36.10,36.31,1773600,66820560.000
02182009,35.00,35.60,32.90,33.14,1973400,68033256.000
02192009,33.10,34.50,32.20,34.19,1507400,50160456.000
02202009,33.98,35.35,33.58,34.96,950300,32954590.000
02232009,35.15,35.40,34.50,35.22,892600,31337458.000
02242009,35.00,35.00,32.72,32.75,1484700,50041812.000
02252009,33.00,33.99,32.19,33.25,856500,28332976.000
02262009,33.60,33.60,30.68,30.89,1015600,32475972.000
02272009,30.55,31.69,28.02,28.60,1177600,35337136.000
03022009,28.03,29.40,27.66,29.10,939300,27073312.000
03032009,28.20,31.00,27.82,30.31,1228700,36613288.000
03042009,30.33,32.30,30.33,32.28,1333600,41559964.000
03052009,32.00,32.88,30.86,31.60,1178400,37521688.000
03062009,30.60,31.33,30.40,30.54,627600,19293050.000
03092009,30.50,30.94,28.53,28.61,756800,22356122.000
03102009,28.57,30.25,28.10,30.13,806100,23818754.000
03112009,30.60,31.50,30.60,31.00,1075500,33432192.000
03122009,30.67,31.00,28.88,29.80,865300,25578950.000
03132009,30.00,30.50,29.50,30.03,697700,20976852.000
03162009,30.18,30.76,29.00,30.53,560900,16854586.000
03172009,30.54,31.94,30.35,31.45,808600,25262404.000
03182009,31.75,34.60,31.30,34.60,2310900,77699248.000
03192009,34.60,34.99,33.95,34.75,1562100,53826004.000
03202009,34.50,35.23,33.61,34.31,1036100,35431920.000
03232009,33.90,36.25,33.90,34.57,1564600,55420016.000
03242009,34.95,35.49,34.01,34.70,999900,34645268.000
03252009,34.30,35.37,33.80,33.80,923500,32010318.000
03262009,33.50,34.20,32.66,33.70,896700,30000458.000
03272009,34.00,36.40,34.00,34.97,1558900,54822332.000
03302009,34.35,36.59,34.35,35.88,1062500,38102636.000
03312009,35.30,38.38,34.68,37.79,1796200,66258396.000
04012009,37.68,38.60,36.80,37.52,1252700,46984040.000
04022009,37.53,39.39,37.53,38.58,1220600,46993692.000
04032009,38.40,42.44,38.40,42.44,2720500,113318104.000
04072009,43.00,43.00,40.61,41.15,2101400,87106168.000
04082009,39.60,39.60,37.04,37.04,3912500,148864848.000
04092009,36.00,39.25,35.90,38.44,2285300,85697472.000
04102009,37.85,38.88,37.50,38.30,2155300,82406712.000
04132009,38.39,38.60,37.81,38.00,1550900,59102564.000
04142009,38.30,40.40,37.83,39.85,2349300,92939608.000
04152009,39.30,41.38,38.56,39.43,1666800,66569740.000
04162009,39.59,39.59,37.51,38.09,1421600,54436776.000
04172009,38.24,38.75,37.69,38.10,837700,32021824.000
04202009,37.97,38.35,37.71,38.19,729100,27813460.000
04212009,38.01,38.01,36.63,36.95,1010100,37660448.000
04222009,36.80,37.45,34.50,34.93,947000,34266804.000
04232009,34.89,35.88,34.30,35.64,634700,22382602.000
04242009,35.91,37.08,35.63,36.30,780600,28641454.000
04272009,34.30,35.46,32.85,33.50,990200,33604944.000
04292009,33.41,34.87,33.40,34.44,533200,18397592.000
04302009,34.45,34.80,33.90,34.51,408800,14072030.000
05042009,34.80,35.86,34.56,35.71,547800,19452268.000
05052009,36.00,36.80,35.33,36.50,675400,24343698.000
05062009,36.11,36.66,36.00,36.30,567500,20613746.000
05072009,36.50,36.51,34.90,35.44,711600,25322432.000
05082009,35.37,35.37,34.36,34.88,577700,20051408.000
05112009,34.95,35.80,34.20,34.70,412100,14483374.000
05122009,34.70,35.50,34.18,35.48,399600,13893675.000
05132009,35.55,35.70,35.12,35.30,476400,16830136.000
05142009,35.15,38.59,34.82,38.28,1928900,71718328.000
05152009,38.10,38.10,36.80,37.22,1139600,42539116.000
05182009,37.23,37.57,36.20,37.20,487000,17961640.000
05192009,37.15,37.64,36.20,36.83,703000,25871752.000
05202009,36.88,37.16,36.28,36.43,424900,15574063.000
05212009,36.43,36.80,35.55,35.68,524400,18923318.000
05222009,36.20,36.46,35.52,36.40,336824,12161583.000
05252009,36.00,37.50,35.60,37.38,749791,27371438.000
05262009,37.80,37.88,37.00,37.27,713768,26779958.000
05272009,37.31,37.75,36.50,36.77,526276,19510728.000
06012009,37.10,37.46,36.20,37.22,591493,21909612.000
06022009,37.57,37.69,37.05,37.18,825306,30847066.000
06032009,37.09,38.42,36.43,37.10,1443253,35819416.000
06042009,36.34,36.94,35.42,35.84,1164342,27664222.000
06052009,35.84,36.70,35.35,35.95,672053,16003873.000
06082009,36.11,36.17,34.70,34.84,881073,20480498.000
06092009,34.85,35.12,32.60,33.94,757063,16912300.000
06102009,34.25,34.78,33.65,34.40,643586,14597853.000
06112009,34.19,35.74,34.10,35.14,926524,21529352.000
06122009,35.14,35.48,33.38,33.71,618066,14071301.000
06152009,33.71,34.51,33.50,34.46,483881,10878697.000
06162009,34.25,34.25,33.80,34.03,334649,7502666.500
06172009,33.76,34.33,33.74,34.10,412740,9259961.000
06182009,34.22,34.40,33.80,33.94,600759,13478489.000
06192009,34.25,34.25,33.74,33.85,535423,11980368.000
06222009,34.03,34.07,33.41,33.49,615210,13675461.000
06232009,32.92,36.80,32.92,36.80,2727986,64738676.000
06242009,37.48,37.48,35.75,36.32,2283785,54696916.000
06252009,35.93,39.44,35.45,38.20,2924306,73380424.000
06262009,38.27,39.65,37.55,38.35,2058359,52667328.000
06292009,38.36,38.57,37.13,37.46,1508352,37577508.000
06302009,37.46,39.32,36.59,37.40,1368047,34337812.000
07012009,37.24,37.78,36.62,37.37,1114133,27194424.000
07022009,37.70,39.35,37.00,38.44,1933549,49252840.000
07032009,37.85,39.35,37.60,37.85,1160225,29112922.000
07062009,37.85,38.60,37.15,37.18,937562,23239930.000
07072009,37.16,38.45,36.68,37.84,1043949,25908584.000
07082009,37.42,38.20,37.18,37.69,780905,19361190.000
07092009,37.78,41.42,37.27,40.55,4044683,107025288.000
07102009,40.09,41.60,39.50,39.77,2209208,58506624.000
07132009,39.35,40.31,39.17,39.85,1360523,35768200.000
07142009,39.89,40.70,39.50,39.95,1207977,32035968.000
07152009,40.04,40.69,39.86,40.36,1347056,35834012.000
07162009,40.40,40.69,39.20,39.32,1454652,38095500.000
07172009,39.23,39.89,38.98,39.47,892677,23266216.000
07202009,39.80,41.84,39.55,40.55,1935447,52077748.000
07212009,40.57,41.02,38.92,39.13,1528214,40159160.000
07222009,39.17,39.58,38.90,39.20,960446,24870676.000
07232009,39.07,39.35,38.38,38.99,1127051,28874894.000
07242009,39.02,39.17,37.55,38.08,1094148,27735000.000
07272009,38.12,38.74,37.94,38.53,1032415,26139902.000
07282009,38.50,39.05,38.02,38.92,1020203,26065510.000
07292009,38.95,40.03,35.75,37.40,1499866,38614952.000
07302009,37.37,38.15,35.93,36.98,1001550,24260856.000
07312009,36.95,38.06,36.95,37.75,817970,20322382.000
08032009,37.78,38.42,37.78,38.23,849709,21392286.000
08042009,38.24,38.45,37.10,37.90,768482,19171758.000
08052009,37.90,38.92,37.58,38.50,1033951,26261002.000
08062009,38.48,38.48,37.13,37.63,780701,19394240.000
08072009,37.78,38.09,36.62,36.65,798580,19640698.000
08102009,36.65,37.85,36.38,37.01,584087,14333465.000
08112009,37.04,37.82,36.67,37.70,538341,13262592.000
08122009,37.69,37.69,35.84,35.95,546242,13234123.000
08132009,35.90,36.79,35.42,36.46,444918,10645646.000
08142009,36.53,36.67,34.55,34.55,616768,14496133.000
08172009,34.22,34.34,31.13,31.13,986402,20981068.000
08182009,31.12,31.85,30.50,31.67,637888,13179665.000
08192009,31.70,31.78,29.30,29.51,732105,14664138.000
08202009,29.75,30.79,29.30,30.62,500645,9885970.000
08212009,31.55,33.65,31.12,33.65,885269,19433976.000
08242009,35.75,36.98,35.75,36.98,751484,18209602.000
08252009,39.89,40.60,37.10,39.65,5223987,134190848.000
08262009,39.65,40.52,38.17,40.07,3437135,89668552.000
08272009,39.35,39.95,37.78,38.53,2406298,61561280.000
08282009,38.30,42.35,37.88,42.35,5466095,148723248.000
08312009,42.35,43.12,38.57,38.98,4105993,111597760.000
09012009,39.35,40.31,35.18,36.13,2974409,75339976.000
09022009,34.87,36.19,33.35,35.08,2081659,47920388.000
09032009,34.78,38.56,34.30,38.56,2262328,55930188.000
09042009,38.75,42.05,38.60,40.12,2813614,75301584.000
09072009,40.10,43.85,39.38,42.44,3200544,88924024.000
09082009,41.60,43.34,40.87,42.44,2183355,60658148.000
09092009,42.22,45.26,40.94,44.42,3277926,92931608.000
09102009,43.55,45.64,42.07,42.52,2657819,77332936.000
09112009,41.30,43.81,40.55,42.64,2250470,63516036.000
09142009,42.68,44.42,42.59,42.92,2192521,62716120.000
09152009,42.79,44.45,42.17,44.18,3083224,88388616.000
09162009,43.85,44.15,42.20,43.00,2009403,57313272.000
09172009,43.10,46.85,42.80,44.96,3389751,101117080.000
09182009,45.17,45.17,42.50,42.79,2035722,59050360.000
09212009,42.35,43.00,40.85,42.64,1167388,32278108.000
09222009,42.50,43.07,41.53,41.53,776218,21692762.000
09232009,41.53,41.87,39.35,39.59,1230889,32907954.000
09242009,39.55,40.93,39.35,40.70,987452,26274864.000
09252009,40.70,41.71,39.98,41.15,893864,24225196.000
09282009,40.90,41.60,39.82,39.95,741706,19828794.000
09292009,39.92,40.48,37.87,38.72,674734,17411132.000
09302009,39.32,39.82,39.13,39.20,608953,15881154.000
10092009,40.55,43.09,40.55,42.20,1102593,30668330.000
10122009,46.39,46.39,42.89,43.10,2130130,62208044.000
10132009,42.35,43.24,42.35,43.10,973081,27505164.000
10142009,42.82,44.30,42.82,43.27,1135938,32750824.000
10152009,44.44,47.42,43.88,45.88,3517837,106683256.000
10162009,45.05,46.03,44.15,45.20,1872297,55693436.000
10192009,45.04,46.52,43.54,46.18,2114053,62830120.000
10202009,46.19,49.82,45.40,48.43,3371319,106976592.000
10212009,48.28,49.85,47.45,48.70,2332346,74977440.000
10222009,48.32,49.79,47.57,49.03,1744595,56551500.000
10232009,48.80,53.90,48.80,53.47,5094506,178427200.000
10262009,52.69,53.63,51.37,52.33,3057732,105772400.000
10272009,52.09,53.29,50.87,52.25,2301923,79390280.000
10282009,52.10,55.10,51.74,53.51,2447659,86855576.000
10292009,52.78,54.50,51.05,52.43,2276935,79583704.000
10302009,52.90,53.90,51.55,52.39,2682133,93357768.000
11022009,51.35,55.10,50.75,54.25,2625743,93515672.000
11032009,54.65,55.79,53.60,54.20,1591484,57812492.000
11042009,55.10,55.52,53.32,55.06,1890644,67982624.000
11052009,55.10,55.30,54.05,54.20,1286037,46416676.000
11062009,54.65,55.01,54.05,54.86,1523226,55018900.000
11092009,55.69,60.17,55.69,57.38,3059606,116972144.000
11102009,57.35,58.13,55.88,57.32,1568381,59402972.000
11112009,57.35,57.65,56.96,57.50,1048342,39846200.000
11122009,57.47,58.81,57.35,57.70,894660,34383564.000
11132009,57.70,58.00,55.85,56.99,1832487,68936224.000
11172009,58.15,59.60,57.35,59.27,2167219,83990920.000
11182009,59.00,59.50,58.34,58.73,1052230,40872064.000
11192009,58.25,59.23,57.41,58.94,1129476,43691452.000
11202009,59.00,60.80,57.80,59.87,1160483,45743544.000
11232009,60.29,61.07,59.36,60.17,1120370,44686032.000
11242009,60.41,60.56,56.60,56.90,1499464,58321420.000
11252009,56.72,60.05,56.60,59.72,1730799,66439608.000
11262009,59.72,62.63,58.85,58.87,2209449,88565040.000
11272009,58.15,61.25,57.38,58.09,1811791,71350184.000
11302009,58.85,61.25,58.85,61.25,1621917,64826156.000
12012009,61.03,64.48,60.55,63.80,1775812,74211520.000
12022009,63.80,70.12,63.43,68.69,2361306,104717792.000
12032009,67.87,72.11,67.40,69.20,1934314,89205392.000
12042009,69.34,70.82,63.35,66.35,1840613,82621288.000
12072009,66.35,72.95,66.35,72.95,2682021,127035264.000
12082009,72.97,75.80,71.75,73.13,2691825,131595632.000
12092009,71.84,76.28,70.54,74.90,1677666,81153344.000
12102009,74.12,76.81,72.35,73.06,1550615,76614432.000
12112009,72.64,73.69,71.39,71.83,939096,44998164.000
12142009,71.68,72.28,69.07,70.48,1205046,56102288.000
12152009,70.37,71.87,70.03,70.85,671041,31628254.000
12162009,70.85,71.35,68.90,69.37,992878,45990440.000
12172009,69.22,69.55,66.80,67.25,1145270,51775480.000
12182009,66.65,67.24,61.10,62.75,1871820,78498408.000
12212009,62.02,68.15,62.02,67.72,1788465,78387912.000
12222009,67.79,68.87,65.62,66.14,1108488,49227280.000
12232009,65.15,70.75,65.15,70.03,1557631,70504352.000
12242009,69.95,73.39,69.43,71.44,1806409,86556112.000
12252009,71.15,73.10,70.90,72.05,1095969,52853136.000
12292009,73.84,75.02,70.85,72.50,1063893,51466152.000
12302009,72.43,72.95,71.00,71.45,1212532,57608156.000
12312009,71.38,76.64,70.63,75.31,1730936,85461680.000
01042010,76.55,82.81,75.92,79.85,3537392,188721760.000
01052010,80.60,82.70,79.10,81.88,2104814,112846616.000
01062010,81.65,81.67,79.12,80.87,1351280,72381328.000
01072010,81.20,88.93,81.20,87.73,3055882,175797168.000
01082010,87.35,89.81,84.94,89.00,2099133,122390448.000
01112010,87.35,97.49,86.05,94.67,2422349,149972752.000
01122010,94.87,99.11,93.52,95.95,2191528,139499024.000
01132010,94.67,98.98,92.62,96.17,2141091,136081376.000
01142010,96.34,97.37,92.30,96.20,2359477,147854880.000
01152010,95.45,102.01,94.70,100.82,2381701,155676208.000
01182010,101.30,104.30,97.85,100.82,2089350,140005312.000
01192010,102.20,102.34,97.85,99.34,2103961,138795824.000
01202010,98.15,98.90,89.50,90.22,2860504,178194480.000
01212010,89.53,94.67,87.50,91.99,1972899,119742120.000
01222010,90.07,90.91,87.17,90.19,1720203,101298496.000
01252010,90.05,93.10,85.12,87.05,2040029,120504104.000
01262010,87.35,91.84,86.39,90.47,2680198,159168064.000
01272010,90.44,93.05,88.10,89.68,1855029,111209352.000
01282010,89.90,90.95,80.90,84.29,2809852,158283728.000
01292010,83.12,88.25,80.17,88.10,2720977,154052128.000
02012010,88.10,89.62,84.40,87.74,2916399,168421744.000
02022010,87.83,88.85,83.09,83.68,1891260,108139768.000
02032010,82.87,83.59,77.15,80.83,2321162,123646544.000
02042010,80.90,83.59,80.48,80.75,1365960,74422160.000
02052010,78.46,82.06,77.29,79.72,1337749,70829880.000
02082010,79.70,80.38,77.33,77.51,1045088,54297584.000
02092010,77.60,85.22,77.60,85.22,2920990,158869232.000
02102010,85.30,92.56,83.98,89.53,3975874,233248336.000
02112010,89.45,90.65,88.03,88.39,1785661,105464696.000
02122010,89.35,94.28,86.75,91.46,2510474,150815152.000
02222010,91.24,91.24,88.87,89.30,1324129,78909400.000
02232010,89.15,91.27,86.75,90.20,1992139,117874432.000
02242010,89.98,94.10,88.93,93.80,2511084,153680384.000
02252010,93.31,94.55,92.30,93.73,2117599,131430456.000
02262010,93.79,94.24,91.36,91.70,1837293,112521976.000
03022010,92.18,94.54,91.70,92.15,2277069,140822416.000
03032010,91.64,91.64,87.62,90.28,1765174,105451008.000
03042010,90.26,92.27,86.75,86.75,1769898,104502560.000
03052010,86.75,88.70,85.57,88.25,1100574,64054468.000
03082010,88.18,89.90,86.84,88.61,1121798,66018780.000
03092010,88.55,90.05,87.65,88.85,687318,40435248.000
03102010,88.85,88.85,85.10,85.40,1423141,81773832.000
03112010,85.43,87.95,83.93,87.40,1469738,83849176.000
03122010,87.35,87.40,84.35,85.55,1157889,66091440.000
03152010,85.27,86.21,84.05,85.73,994238,56166988.000
03162010,85.85,86.60,83.47,84.73,920819,51644096.000
03172010,84.35,87.35,83.15,87.19,1503643,85586448.000
03182010,86.15,86.90,85.63,85.97,1088119,62177292.000
03192010,85.73,87.20,84.80,86.63,1121693,64152060.000
03222010,86.30,93.35,85.91,92.08,3216095,193479952.000
03232010,91.09,92.57,89.84,91.85,1867361,113291368.000
03242010,91.85,97.34,90.67,94.63,4147506,262279312.000
03252010,94.55,97.79,93.20,95.83,3346522,213951344.000
03262010,94.30,95.68,92.21,94.21,1827039,113867528.000
03292010,94.12,94.82,90.80,92.63,2050034,125744576.000
03302010,91.88,97.78,91.85,97.78,2649292,168575104.000
03312010,96.77,100.66,96.65,99.95,2949819,193007536.000
04012010,100.01,101.51,98.30,98.83,2353481,156212944.000
04022010,98.66,100.19,96.97,99.17,1508347,98694152.000
04062010,99.92,104.30,99.05,103.85,2269164,154717216.000
04072010,103.88,107.60,102.52,107.60,2325883,162133040.000
04082010,106.70,107.59,102.94,103.39,2234699,156353104.000
04092010,102.43,112.03,102.43,111.35,2541803,182071456.000
04122010,110.87,114.08,109.85,113.57,2910207,216003280.000
04132010,112.85,112.99,102.25,105.35,3227386,228421104.000
04142010,104.60,110.30,103.25,107.26,1464820,104640000.000
04152010,107.42,107.60,97.85,103.60,2544220,173714144.000
04162010,103.70,110.21,98.51,105.65,5424288,191993264.000
04192010,102.80,107.15,99.29,100.58,4707469,158647232.000
04202010,99.68,101.90,94.10,99.80,3201336,102443520.000
04212010,99.20,104.48,97.97,103.37,3736878,126056624.000
04222010,103.43,107.21,100.64,104.30,4020598,139140336.000
04232010,103.40,107.30,102.86,107.21,4531833,159357536.000
04262010,107.30,117.86,107.30,117.86,11543154,441257280.000
04272010,117.95,118.40,111.20,112.55,7974245,299514048.000
04282010,101.39,105.20,101.39,101.39,9458489,319551680.000
04292010,94.70,99.38,91.34,91.34,7345606,226345968.000
04302010,86.90,87.32,82.28,82.40,7439078,205533712.000
05042010,82.43,90.20,82.43,87.02,6252764,179282592.000
05052010,86.15,89.30,82.19,88.34,5587436,158019728.000
05062010,87.20,89.30,84.83,85.40,3673087,105779912.000
05072010,82.40,85.55,81.80,82.85,2469314,68049224.000
05102010,83.06,85.22,77.45,78.80,3229442,86018504.000
05112010,80.15,81.65,71.30,73.25,4990531,124150056.000
05122010,72.23,75.38,67.46,74.60,4659285,109641000.000
05132010,74.00,75.86,71.12,75.50,3249648,79441880.000
05142010,74.60,78.68,73.70,76.43,3831738,96530312.000
05172010,75.20,75.20,69.92,70.13,2774720,66540036.000
05182010,69.23,71.30,65.30,70.04,3425557,77766664.000
05192010,68.90,76.64,68.30,74.96,4876371,117639256.000
05202010,74.57,81.23,73.40,77.75,6761179,174388944.000
05212010,75.80,84.86,73.85,82.97,5979727,157528992.000
05242010,83.90,87.50,83.27,84.95,5639291,159588608.000
05252010,84.80,85.43,81.95,82.52,3706587,101727752.000
05262010,82.16,83.60,81.20,81.62,2092217,56726108.000
05272010,81.59,83.21,79.34,82.46,2595613,70005728.000
05282010,83.45,88.07,83.45,85.85,5196701,148328720.000
06032010,87.08,91.07,83.00,83.15,4614234,133605880.000
06042010,82.04,85.91,80.39,84.98,3044134,84361000.000
06072010,81.80,87.50,81.50,86.90,4029060,114648024.000
06082010,85.10,88.25,85.10,87.44,2924746,83737816.000
06092010,88.40,89.15,86.33,87.53,3317270,95757208.000
06102010,87.20,91.55,87.05,89.84,5265169,156348064.000
06112010,90.26,90.80,87.80,88.94,3893095,114010152.000
06172010,87.80,88.37,82.52,82.52,4466387,124925368.000
06212010,78.53,82.76,74.60,82.64,3492040,90464368.000
06222010,82.70,84.20,80.06,80.72,2527599,68633488.000
06232010,78.80,81.77,78.44,79.40,1838582,48428504.000
06242010,78.80,80.48,78.74,79.40,1155391,30329844.000
06252010,79.10,79.13,76.40,76.73,1756590,44822640.000
06282010,76.40,77.36,73.52,73.70,1333476,33056760.000
06292010,73.70,74.36,70.70,71.36,3789499,89300576.000
06302010,71.09,75.80,68.30,75.11,2488250,59297344.000
07012010,73.76,76.52,73.76,75.26,1821549,45170264.000
07022010,75.29,75.80,69.14,72.74,2524027,59549976.000
07052010,72.74,73.19,70.49,72.98,942623,22363460.000
07062010,72.74,76.64,72.44,75.29,1539645,38113044.000
07072010,74.60,76.37,74.60,76.25,1610318,40190212.000
07082010,76.31,76.70,73.88,74.99,1601253,39850964.000
07092010,74.99,77.06,73.97,76.64,1911599,47948200.000
07122010,77.90,79.37,76.40,77.45,2024402,52145792.000
07132010,76.58,76.85,74.30,74.96,1577137,39159868.000
07142010,75.68,77.75,75.41,75.77,1558657,39292828.000
07152010,75.95,75.98,72.80,72.83,1316712,32291884.000
07162010,72.50,73.55,71.30,73.16,875820,20932258.000
07192010,72.77,75.35,71.93,74.45,935370,22765254.000
07202010,74.66,81.83,74.66,81.44,9415473,248531872.000
07212010,79.79,82.64,79.40,80.63,4921080,131718672.000
07222010,80.90,81.77,78.80,81.08,3971447,105249840.000
07232010,81.65,81.71,79.55,80.36,2488663,66036980.000
07262010,80.39,87.11,80.39,84.86,6495614,180808288.000
07272010,84.65,85.16,83.45,84.23,3144810,87472016.000
07282010,83.93,85.94,82.85,85.10,3742150,104858144.000
07292010,85.13,88.70,85.13,85.88,4178241,119686088.000
07302010,86.00,86.09,83.03,84.62,2505300,69838104.000
08022010,84.80,88.64,84.80,88.10,5830361,168688544.000
08032010,89.24,89.24,87.23,87.23,5552474,161948736.000
08042010,86.78,90.20,86.06,90.05,4922045,143005200.000
08052010,90.05,97.49,89.66,94.91,8243304,253557872.000
08062010,94.40,96.50,93.11,96.26,5602689,176149296.000
08092010,96.38,104.30,96.38,103.31,7658258,256700176.000
08102010,104.00,104.27,97.70,99.20,7415755,246133776.000
08112010,98.00,101.30,97.79,99.41,3913071,128733768.000
08122010,97.25,99.80,95.60,95.69,4258525,137051920.000
08132010,95.30,99.20,94.43,98.75,3331361,106722832.000
08162010,98.30,102.05,97.79,100.01,4341874,144385216.000
08172010,100.22,101.30,98.90,100.91,3125077,103614560.000
08182010,100.91,101.54,98.00,99.29,2685566,88482296.000
08192010,99.29,100.10,96.26,97.73,3304557,107026400.000
08202010,96.74,96.80,93.80,94.13,3086253,96941088.000
08232010,94.01,98.27,93.83,95.90,2672338,84948336.000
08242010,95.30,98.84,94.70,98.42,3052308,98300128.000
08252010,97.58,98.00,93.80,94.31,2891199,91241752.000
08262010,94.04,95.30,92.54,93.53,2415231,74620600.000
08272010,93.77,95.30,93.14,94.85,1689275,52712188.000
08302010,94.55,101.90,94.19,100.64,6300632,208501040.000
08312010,100.25,101.60,98.33,100.85,4676006,154130752.000
09012010,100.79,101.30,96.44,97.73,3836556,125054472.000
09022010,98.15,99.14,96.80,98.12,2476783,80323808.000
09032010,98.21,99.35,96.92,98.72,2365997,76749168.000
09062010,99.17,100.55,96.80,96.86,2903380,93883632.000
09072010,96.89,97.85,94.70,95.78,2640034,83387816.000
09082010,95.27,96.50,95.03,96.17,1679463,53298892.000
09092010,96.20,96.80,93.80,94.34,2760255,86481824.000
09102010,94.34,94.82,91.25,93.47,2219473,68252792.000
09132010,93.23,97.64,92.60,96.77,3111378,99130216.000
09142010,97.10,97.70,95.90,96.95,2115732,67754840.000
09152010,96.62,96.74,93.65,93.77,2193814,68763440.000
09162010,93.77,94.40,88.70,89.87,2495304,74588056.000
09172010,89.87,91.61,88.76,90.44,1169089,34894040.000
09202010,90.53,91.55,88.25,88.52,1177743,34651648.000
09212010,88.52,89.30,85.64,86.00,1419238,40800584.000
09272010,86.15,88.37,86.15,88.04,1017010,29451594.000
09282010,88.10,88.67,86.60,87.02,963306,27741840.000
09292010,87.02,87.71,86.00,86.27,962309,27510528.000
09302010,86.27,87.83,85.31,87.80,975303,27907906.000
10082010,89.06,91.91,89.00,90.74,1639084,49162604.000
10112010,91.43,93.80,90.29,91.07,2196776,66815160.000
10122010,91.16,92.00,89.75,91.49,1897827,56982596.000
10132010,91.55,96.74,91.55,96.56,4696512,148214432.000
10142010,95.45,99.50,94.43,96.17,3964318,126921608.000
10152010,94.70,96.14,92.00,92.45,3322104,103303368.000
10182010,92.18,92.18,86.00,87.56,2709491,78771232.000
10192010,87.56,91.10,87.56,90.47,2293613,68268952.000
10202010,89.00,93.32,87.86,90.59,2219643,66713524.000
10212010,90.62,93.14,89.63,92.39,2065548,62987812.000
10222010,93.20,98.30,92.57,97.40,5375994,171679264.000
10252010,97.16,105.77,97.16,104.30,8275403,282357824.000
10262010,104.36,106.61,102.71,106.43,7146649,247525120.000
10272010,106.70,114.65,106.70,107.06,7617099,277674656.000
10282010,106.70,111.50,104.63,107.87,5971249,215089760.000
10292010,109.40,117.20,109.10,115.70,10338102,385944640.000
11012010,115.70,117.17,113.24,116.24,8010955,305844192.000
11022010,116.36,116.39,110.60,110.75,6751544,253364032.000
11032010,108.20,114.05,106.85,107.30,4125131,150650144.000
11042010,107.33,109.46,105.35,108.83,3578841,127464944.000
11052010,111.17,111.92,107.60,110.27,2958476,107666840.000
11082010,110.15,111.74,108.80,110.00,2827256,103145296.000
11092010,109.70,116.30,109.10,115.22,5833721,219556416.000
11102010,115.25,121.25,113.99,116.39,4378968,170386896.000
11112010,115.19,117.08,114.32,114.59,3701593,141467872.000
11122010,114.59,115.61,105.35,107.60,4539071,165443904.000
11152010,107.27,109.70,106.16,108.77,2376039,84915304.000
11162010,108.80,111.41,103.70,103.70,2822252,100684784.000
11172010,102.14,105.68,99.35,100.13,1795602,60416968.000
11182010,100.85,103.37,100.46,102.35,1207664,40725436.000
11192010,102.86,107.27,102.86,106.79,2384895,82918272.000
11222010,106.70,113.93,105.56,113.48,4070159,150192800.000
11232010,113.90,113.90,107.30,111.38,2723503,99679248.000
11242010,109.79,115.10,109.79,114.68,3500351,131942216.000
11252010,115.40,119.33,113.33,113.33,4661665,179715424.000
11262010,113.15,113.15,110.45,110.69,2949705,108742768.000
11292010,111.80,116.30,109.55,114.80,3234918,121866496.000
11302010,114.80,117.20,107.60,109.76,3491819,128305264.000
12012010,109.25,110.24,105.80,108.41,1845153,66019780.000
12022010,109.61,111.02,108.11,108.80,1827460,66117056.000
12032010,107.39,110.30,107.33,109.43,1226585,44136440.000
12062010,109.61,118.31,108.26,118.31,6657117,250788512.000
12072010,117.20,118.88,113.30,117.83,5683048,220041008.000
12082010,117.35,125.00,116.87,122.45,9266433,377152768.000
12092010,120.80,122.42,117.83,118.55,5153080,204831568.000
12102010,116.36,118.34,114.20,116.87,3637339,139782560.000
12132010,116.00,122.27,115.46,117.14,5588718,219892784.000
12142010,117.05,128.78,117.05,128.78,11429256,472378528.000
12152010,127.70,132.59,124.76,126.20,9761485,415543072.000
12162010,125.00,129.62,125.00,128.03,4586500,193863920.000
12172010,127.55,131.15,125.90,127.10,3153204,134060368.000
12202010,127.04,133.04,126.23,132.47,6450796,276915008.000
12212010,132.50,132.80,128.39,131.90,3500197,151234416.000
12222010,132.41,132.65,125.90,126.44,3910387,165756032.000
12232010,126.11,126.11,119.60,119.60,4437352,179015984.000
12242010,118.40,122.15,116.93,120.35,2177386,86804816.000
12272010,119.57,122.60,111.83,114.77,3225437,127192376.000
12282010,113.03,114.74,110.42,112.85,2277234,84837720.000
12292010,114.20,118.10,113.00,117.20,1845660,70416576.000
12302010,117.80,119.84,115.85,116.93,2050009,80080600.000
12312010,116.96,119.21,116.96,119.00,1694380,66271724.000
01042011,120.56,123.80,118.40,123.02,2322396,93207920.000
01052011,122.90,128.21,121.25,126.05,3933344,164670928.000
01062011,125.36,128.24,123.80,126.95,3244555,135851088.000
01072011,127.46,127.46,121.70,122.51,2906269,119337224.000
01102011,121.76,121.94,119.30,119.96,1878336,74808480.000
01112011,119.27,120.38,116.84,117.20,1261300,49126428.000
01122011,117.80,119.81,116.90,119.45,915695,35774380.000
01132011,121.07,121.55,116.33,117.20,1129638,44212968.000
01142011,116.90,120.41,115.94,118.28,1639870,64129500.000
01172011,117.77,118.85,110.63,111.11,1797290,67833744.000
01182011,110.54,112.70,108.86,111.59,956040,35135488.000
01192011,111.59,119.30,111.59,115.67,1436137,54923204.000
01202011,115.79,117.44,109.46,110.24,1833598,68742824.000
01212011,109.70,113.57,109.28,111.38,2266120,83851096.000
01242011,111.74,115.70,108.20,108.44,2337697,85684736.000
01252011,108.65,110.45,104.60,104.66,1233413,43258940.000
01262011,104.66,107.57,104.36,106.94,866537,30435338.000
01272011,105.80,112.76,105.74,110.60,1481089,53739472.000
01282011,110.60,111.80,109.25,110.45,988274,36183588.000
01312011,110.57,113.60,109.70,112.55,1139194,42402944.000
02012011,112.40,113.30,110.33,111.65,1027599,37915308.000
02092011,111.20,114.68,110.48,113.60,1308664,48918900.000
02102011,113.72,115.40,111.80,115.19,1389003,52354860.000
02112011,114.77,116.30,113.66,114.44,1334617,50734956.000
02142011,114.20,117.11,113.84,115.19,1846726,70395280.000
02152011,115.25,116.84,114.59,114.83,1719935,65877556.000
02162011,113.90,115.64,112.70,114.95,2285299,86347832.000
02172011,114.53,121.16,114.53,120.80,3963416,156093776.000
02212011,117.80,121.64,117.80,121.25,2675766,106104120.000
02222011,121.28,121.67,116.09,116.18,2755675,107606992.000
02232011,115.25,116.87,113.66,115.70,2645851,100508536.000
02242011,115.70,119.27,115.55,118.70,2419288,94529464.000
02252011,119.00,119.54,117.44,119.39,1910604,74898080.000
02282011,120.74,120.74,117.74,118.28,3264308,128555456.000
03012011,118.55,119.24,115.40,116.30,2498243,97199144.000
03022011,115.55,117.38,114.20,115.94,1602390,61184828.000
03032011,115.94,116.30,112.13,112.19,2008935,75842496.000
03042011,112.19,112.73,109.64,111.44,3142999,115066648.000
03072011,111.65,113.90,111.56,113.78,1936911,72520304.000
03082011,113.78,114.80,113.57,114.47,1377000,52084788.000
03092011,114.47,115.49,112.97,114.65,1713304,64727992.000
03102011,114.65,116.15,113.00,115.25,1700482,64521780.000
03112011,115.58,120.44,114.50,117.50,4010163,156952256.000
03142011,117.35,120.20,116.33,118.76,2759951,108637800.000
03152011,118.97,119.00,114.20,114.68,2734662,104319104.000
03162011,114.68,116.33,113.45,115.28,1694225,64291532.000
03172011,114.05,114.14,109.46,111.71,1896692,70576336.000
03182011,112.10,114.20,112.10,113.15,702603,26349658.000
03212011,113.30,117.05,113.18,115.79,2025305,77505416.000
03222011,115.70,116.24,113.42,115.52,1430275,54149096.000
03232011,115.55,115.97,114.23,115.52,983789,37516004.000
03242011,115.52,115.94,113.93,114.50,1146047,43482876.000
03252011,114.05,115.07,113.90,114.38,1169767,44232020.000
03282011,114.38,115.07,111.50,112.55,2242343,83701672.000
03292011,112.13,112.70,110.30,110.60,1469829,54064320.000
03302011,110.60,110.81,106.94,107.60,2115248,75521384.000
03312011,107.60,109.13,107.15,108.11,893774,31917448.000
04062011,108.50,109.73,107.00,107.12,961916,34471572.000
04072011,107.36,108.74,107.24,108.32,779447,27843336.000
04082011,108.35,110.54,107.84,109.94,806283,29227592.000
04112011,110.33,111.11,108.17,108.26,958658,34523560.000
04122011,108.11,108.17,104.63,106.61,2224362,77715240.000
04132011,106.61,106.85,104.75,106.85,1011636,35328780.000
04142011,106.85,106.85,105.41,105.74,932643,32593150.000
04152011,105.50,108.80,105.47,108.68,1455932,51515240.000
04182011,108.47,110.30,107.30,108.98,1506511,54431504.000
04192011,108.68,108.68,105.95,106.01,988916,34898044.000
04202011,106.10,107.00,105.23,106.34,805765,28307142.000
04212011,106.40,107.27,105.53,105.71,923572,32352830.000
04222011,105.86,106.88,105.50,106.70,809611,28362982.000
04252011,106.91,108.68,106.91,107.09,1222187,43609628.000
04262011,107.15,107.15,103.04,103.07,901366,31223408.000
04272011,102.65,104.24,101.03,101.36,747864,25378930.000
04282011,101.60,103.40,91.40,93.56,1433984,45883380.000
04292011,93.62,96.89,93.62,96.59,621847,19614092.000
05032011,96.80,98.30,94.37,96.35,676656,21454296.000
05042011,96.74,96.74,94.43,94.67,544305,17127928.000
05052011,94.67,95.90,93.83,95.57,344675,10858151.000
05062011,95.60,97.79,94.04,97.07,658894,21108728.000
05092011,97.40,98.84,96.80,98.00,586188,19033894.000
05102011,98.03,99.20,97.31,98.15,585889,18976956.000
05112011,97.73,104.84,97.49,103.10,1767860,59536272.000
05122011,102.59,103.97,100.01,100.55,1152549,38694240.000
05132011,99.95,101.54,98.54,101.00,632887,20919708.000
05162011,101.00,103.22,101.00,101.69,504809,17073866.000
05172011,101.00,102.50,99.95,101.54,524261,17439202.000
05182011,101.45,101.45,100.10,101.15,283906,9465292.000
05192011,101.30,102.59,100.34,101.30,596468,19950132.000
05232011,101.30,102.20,96.98,97.85,540710,17699990.000
05242011,97.79,97.79,92.00,95.99,548591,17189802.000
05252011,95.99,97.76,94.25,96.11,302404,9536306.000
05262011,96.20,96.62,93.50,93.80,483453,15071060.000
05272011,93.20,93.80,89.30,89.99,660040,19750008.000
05302011,90.50,91.85,87.86,90.50,358866,10720104.000
05312011,90.80,91.67,89.84,91.49,267767,8033609.000
06012011,91.52,92.30,90.29,92.12,247004,7486809.000
06022011,92.00,92.00,89.15,90.50,510824,15166081.000
06032011,90.20,92.30,89.30,92.24,442623,13388064.000
06072011,93.71,94.37,92.60,93.47,630272,19501026.000
06082011,94.10,102.20,94.07,99.80,1425927,46634072.000
06092011,100.10,100.10,97.13,97.31,842895,27340626.000
06102011,96.95,99.20,96.95,98.09,889607,28786342.000
06132011,97.55,97.55,93.71,95.93,1369633,21335934.000
06142011,95.69,98.63,94.01,97.85,1444941,23069238.000
06152011,96.89,98.33,96.35,96.41,1015507,16205378.000
06162011,96.35,100.55,95.15,99.95,2412074,38875080.000
06172011,99.59,99.65,97.61,97.91,1469843,23751720.000
06202011,97.43,100.31,95.51,95.75,2234763,36062488.000
06212011,95.45,98.57,95.45,98.45,1359456,21784498.000
06222011,98.45,99.23,96.71,97.19,945308,15114128.000
06232011,96.95,100.07,95.21,99.53,2287837,36752660.000
06242011,100.31,105.35,99.65,102.53,4519306,76555664.000
06282011,105.35,105.65,102.41,104.57,4431100,75762344.000
06292011,102.95,103.85,101.63,101.69,2156492,36270560.000
06302011,101.63,103.79,101.33,102.59,1624711,27475362.000
07012011,102.65,103.85,101.33,101.93,1753690,29449318.000
07042011,101.51,103.79,101.15,103.43,4325423,72633728.000
07052011,103.79,105.65,102.65,104.87,3828622,65510928.000
07062011,104.87,105.53,102.35,103.73,3003018,50997044.000
07072011,103.01,104.27,102.35,102.77,2460265,41732212.000
07082011,102.71,104.15,101.63,102.11,1795631,30277032.000
07112011,101.75,103.67,101.45,102.59,3388492,56929016.000
07122011,101.75,102.59,99.65,100.25,3092406,51093976.000
07132011,100.13,101.75,99.77,101.27,4008338,66124000.000
07142011,101.09,102.65,100.37,102.47,4457880,74416216.000
07152011,102.23,105.05,101.33,104.21,4131208,70212608.000
07182011,104.69,105.29,103.01,103.61,2856121,48596656.000
07192011,103.97,103.97,101.75,102.29,3020217,50756364.000
07202011,102.89,103.25,99.65,100.79,2773422,45944468.000
07212011,100.55,101.81,99.35,100.55,1596442,26343702.000
07222011,100.31,101.45,99.53,100.61,1137984,18716422.000
07252011,99.53,99.53,93.83,94.91,3397539,53664288.000
07262011,94.97,95.63,92.21,93.95,1531053,23403500.000
07272011,93.95,95.57,93.23,95.09,1263646,19591336.000
07282011,94.79,94.79,92.33,94.61,1575195,24037778.000
07292011,94.43,95.21,92.93,93.53,1533756,23645610.000
08012011,94.01,94.07,92.15,93.47,1235224,18801266.000
08022011,93.47,95.03,92.81,94.91,1648616,25433594.000
08032011,94.25,96.23,93.29,96.11,1403369,21913668.000
08042011,95.99,97.43,95.15,95.93,1128053,17784492.000
08052011,92.75,95.93,92.15,94.67,1637857,25226488.000
08082011,93.11,94.07,85.85,89.81,2008926,30107240.000
08092011,86.75,88.73,82.55,86.87,2812321,39136220.000
08102011,87.95,89.15,86.57,86.75,1581150,22753656.000
08112011,84.35,87.41,83.75,86.81,1545957,21848898.000
08122011,87.11,89.03,87.11,88.07,1419385,20564920.000
08162011,90.77,95.33,90.77,91.85,3691857,55990432.000
08172011,90.95,92.51,90.23,90.77,1382651,20629670.000
08182011,90.83,91.55,89.03,89.03,1128593,16611097.000
08192011,87.23,88.25,85.61,87.95,1091110,15535047.000
08222011,87.77,89.33,87.23,87.65,737532,10632499.000
08232011,87.65,89.51,87.05,89.51,984838,14269843.000
08242011,89.87,89.99,88.55,88.97,911875,13326047.000
08252011,88.97,90.11,88.55,89.93,839394,12293726.000
08262011,89.57,94.25,89.15,91.61,2414057,36547400.000
08292011,91.91,93.83,91.61,92.15,1890208,28648938.000
08302011,92.69,93.23,90.47,90.47,1525713,22965116.000
08312011,90.47,90.95,89.27,89.99,1118395,16443401.000
09012011,90.05,90.95,88.37,88.97,839446,12285025.000
09022011,88.55,89.45,88.25,89.33,584632,8516321.000
09052011,89.57,89.57,87.53,87.95,656969,9481579.000
09062011,87.35,88.25,85.55,85.79,755422,10684688.000
09072011,87.35,87.89,85.91,87.65,481324,6840777.500
09082011,87.71,88.43,86.63,86.87,621184,8878569.000
09092011,86.87,88.01,85.49,85.97,738496,10411924.000
09132011,85.55,86.09,83.51,85.25,595154,8272190.500
09142011,86.15,87.35,85.25,87.05,845269,11928548.000
09152011,87.05,87.95,86.45,86.45,897014,12812246.000
09162011,86.57,87.65,86.57,87.41,817646,11682884.000
09192011,87.35,87.35,83.63,83.63,958106,13364707.000
09202011,83.63,84.77,83.45,84.77,426205,5865469.000
09212011,84.23,87.59,84.11,87.17,771238,10922945.000
09222011,86.51,88.25,84.53,84.65,962061,13576078.000
09232011,83.27,83.87,80.99,81.95,1344463,18104926.000
09262011,81.77,83.75,79.49,80.27,995337,13236392.000
09282011,80.75,82.13,78.59,79.19,1129676,14854411.000
09292011,78.59,79.49,74.39,74.69,1371645,17027682.000
09302011,74.75,75.35,73.55,75.05,822653,9971026.000
10102011,75.17,76.43,74.81,74.99,620703,7671323.500
10112011,76.79,77.81,73.55,74.15,958604,11744764.000
10122011,74.15,76.43,72.89,76.31,1947142,23810146.000
10132011,76.31,77.33,75.53,76.61,1536255,19211796.000
10142011,75.95,76.49,75.41,76.31,829378,10290279.000
10172011,76.31,77.45,75.41,75.83,1329592,16577026.000
10182011,75.23,75.65,72.65,72.65,1140261,13765562.000
10192011,72.41,73.19,70.79,72.05,1150342,13540163.000
10202011,71.75,71.75,67.97,68.51,1107674,12498549.000
10212011,68.51,69.23,64.07,64.97,1615080,17365040.000
10242011,65.15,66.05,62.63,64.25,2304945,23867404.000
10252011,63.89,66.77,63.41,66.35,2525482,26871740.000
10262011,65.51,72.83,65.33,72.83,9092516,106690024.000
10272011,74.15,74.15,70.79,71.69,8092411,95828800.000
10282011,72.35,74.93,72.35,73.13,5636168,67477848.000
10312011,73.01,80.27,71.69,79.43,9392819,117823560.000
11012011,77.63,83.39,76.91,82.31,9452800,123969264.000
11022011,80.15,84.47,79.67,83.75,6774841,90983008.000
11032011,84.05,84.89,81.95,82.07,7171120,97419232.000
11042011,81.95,82.85,79.97,80.81,4754550,63113504.000
11072011,81.35,82.49,79.73,80.81,3402485,45018092.000
11082011,80.09,81.23,78.89,79.55,3039905,39794216.000
11092011,79.85,87.35,79.85,87.35,12829260,178375040.000
11102011,87.95,91.31,85.67,88.07,13386633,193673280.000
11112011,88.13,93.05,87.05,90.23,10396429,154240656.000
11142011,90.71,92.15,89.15,92.03,8040126,119459232.000
11152011,91.31,91.85,89.75,90.17,5236235,77547904.000
11162011,90.23,90.71,86.15,86.87,5541231,79808408.000
11172011,86.57,89.09,85.55,88.07,4142857,59411984.000
11182011,86.75,86.75,83.15,83.27,4736750,65437708.000
11212011,82.67,85.43,81.95,84.65,2650362,36310128.000
11222011,84.05,85.31,82.67,85.01,2908791,40036812.000
11232011,84.83,92.15,84.83,90.47,10739234,157411792.000
11242011,89.15,91.49,86.81,89.81,6359460,92892592.000
11252011,88.55,92.87,88.55,90.23,7219290,107901008.000
11282011,89.69,90.65,86.39,87.05,4714396,67747656.000
11292011,87.41,92.09,86.87,91.85,6213450,91242960.000
11302011,91.55,91.97,83.81,86.69,6162777,89366048.000
12012011,89.45,92.63,87.59,90.59,7806858,115492088.000
12022011,89.51,90.17,84.77,85.55,5408622,77080680.000
12052011,85.55,85.85,77.75,77.99,4660976,61035244.000
12062011,77.45,80.03,75.77,78.83,2340874,29887318.000
12072011,78.95,81.23,78.71,80.15,2150263,28187762.000
12082011,79.01,80.63,75.05,79.25,3494719,44583244.000
12092011,77.27,79.07,76.73,77.27,1861381,23607518.000
12122011,77.15,80.03,76.73,77.93,1881956,24197846.000
12132011,77.15,79.19,75.65,77.45,2398534,30342780.000
12142011,77.15,77.39,71.15,71.27,2932690,35538112.000
12152011,71.15,71.57,67.55,68.27,2305190,25914376.000
12162011,68.81,74.93,68.81,74.93,2863265,33275524.000
12192011,75.05,79.37,73.01,77.99,5670490,71211760.000
12202011,77.93,79.49,76.13,76.37,3369290,42687624.000
12212011,77.03,79.31,75.89,75.95,3024027,38394496.000
12222011,74.75,79.25,71.33,78.59,4643612,58020384.000
12232011,78.59,83.09,77.15,80.69,5450313,71404456.000
12262011,80.15,82.25,79.43,79.61,3585263,47461388.000
12272011,78.95,80.45,72.65,73.37,4417550,54905740.000
12282011,70.55,75.47,70.55,75.41,2890232,34629312.000
12292011,76.13,76.19,72.95,74.15,2417634,29420194.000
12302011,74.21,75.83,73.73,74.99,2211613,27071050.000
01042012,75.35,78.17,75.11,75.65,4118578,51743968.000
01052012,74.57,75.29,70.25,70.37,3814287,45171532.000
01062012,68.51,72.17,67.85,71.51,2490198,28372400.000
01092012,71.51,75.47,70.01,74.99,3119839,37338444.000
01102012,74.99,78.71,74.27,77.75,4941549,61840380.000
01112012,77.45,78.23,75.95,77.69,4056564,51049496.000
01122012,77.27,78.65,76.25,76.55,3360298,42391968.000
01132012,76.61,77.09,72.05,73.01,3120002,37744680.000
01162012,72.17,74.63,71.75,72.11,1496648,17792262.000
01172012,72.35,76.43,72.17,75.95,2544225,30998862.000
01182012,76.07,76.31,71.75,71.99,3586805,43407988.000
01192012,70.43,72.71,69.47,70.01,3187075,36693252.000
01202012,70.55,71.45,69.59,71.03,2966162,33962240.000
01302012,71.15,72.35,70.13,70.37,2705415,31365954.000
01312012,70.43,71.27,66.95,69.11,3691624,41050324.000
02012012,68.75,69.23,67.01,67.55,3321174,36707244.000
02022012,68.21,68.93,67.25,68.87,2543183,28209742.000
02032012,69.17,72.11,68.39,70.91,4388500,50214008.000
02062012,71.15,71.63,70.31,71.63,3937202,45561976.000
02072012,72.65,72.65,70.49,71.09,4493349,52333936.000
02082012,70.85,72.41,69.65,72.41,5671308,66060252.000
02092012,73.01,75.71,72.89,73.07,7192390,87160304.000
02102012,72.47,73.97,71.81,73.37,5245798,62579132.000
02132012,72.35,75.77,71.75,74.15,7157559,86456464.000
02142012,74.21,74.75,72.95,73.61,3833661,46026532.000
02152012,73.61,74.75,72.77,74.75,5078400,61409544.000
02162012,74.75,74.81,72.23,73.31,9464571,113670992.000
02172012,73.61,74.15,72.53,73.07,3429730,41035756.000
02212012,73.43,74.69,72.47,74.51,5590874,67247616.000
02222012,74.33,76.43,74.21,76.31,8687104,106932640.000
02232012,75.95,76.85,75.05,75.65,6250289,77463656.000
02242012,75.65,77.99,75.17,77.45,9088726,113943192.000
02272012,77.69,78.17,76.55,76.55,8579776,108316040.000
02282012,76.37,76.67,74.15,75.53,6113491,75166552.000
02292012,75.29,75.77,73.97,73.97,4562397,55491488.000
03012012,73.61,75.17,73.55,74.33,3069806,37304944.000
03022012,74.63,75.71,74.63,75.71,3565199,43833904.000
03052012,76.25,76.37,74.75,74.81,3813922,46951632.000
03062012,74.75,76.31,74.15,76.01,4783797,58752872.000
03072012,75.41,76.85,75.05,75.71,4512200,56049720.000
03082012,75.83,83.03,75.83,81.35,17584044,231804080.000
03092012,80.57,82.43,80.57,82.13,9819047,130981840.000
03122012,82.25,82.97,80.33,81.41,5076649,67647888.000
03132012,81.47,82.85,80.45,82.43,5155642,69126496.000
03142012,82.55,83.03,75.65,76.67,9385922,121791680.000
03152012,76.19,77.15,72.95,74.33,4889331,59708572.000
03162012,74.63,76.31,73.91,76.01,3255222,39993356.000
03192012,76.07,77.69,74.87,77.27,3690090,46265684.000
03202012,77.09,77.15,74.75,74.93,2664192,32934296.000
03212012,74.87,76.13,73.55,75.17,2552705,31155676.000
03222012,75.23,75.89,74.63,75.41,2480197,30484984.000
03232012,74.69,74.69,70.31,71.27,5179438,61234292.000
03262012,71.27,71.69,69.89,70.43,2377830,27368166.000
03282012,70.49,70.85,67.67,67.79,3053994,33993504.000
03292012,67.85,68.63,65.75,67.31,2898403,31716406.000
03302012,66.95,67.61,64.25,65.21,2955275,31502560.000
04052012,65.27,67.07,65.15,66.89,2073574,22365416.000
04062012,66.89,69.47,66.65,68.21,2787087,31066992.000
04092012,68.45,69.95,67.13,67.43,2568386,28732440.000
04102012,67.55,68.33,65.81,68.33,1714181,18729682.000
04112012,67.55,68.33,67.07,68.03,1360029,14995222.000
04122012,68.15,69.23,68.15,69.23,2224579,24935632.000
04132012,69.35,69.53,68.75,69.29,2235896,25184304.000
04162012,69.05,69.23,68.45,69.11,1718660,19292746.000
04172012,68.81,69.23,67.37,67.37,2061871,22854576.000
04182012,67.25,69.35,67.07,69.29,2616681,29278462.000
04192012,69.35,69.59,68.45,68.69,2026328,22749876.000
04202012,68.69,75.41,68.69,74.39,11582842,139887680.000
04232012,73.19,77.09,71.75,75.35,9208093,113318200.000
04242012,74.69,74.69,69.77,73.07,6647155,78281752.000
04252012,72.77,76.25,71.51,74.69,6488642,78679360.000
04262012,74.63,75.35,72.35,73.61,3795890,45635208.000
04272012,73.97,73.97,72.17,72.23,2480891,29416598.000
05022012,73.25,73.85,71.15,71.93,5178844,60879808.000
05032012,72.29,72.29,70.31,71.51,3754458,43536224.000
05042012,71.57,72.35,71.03,71.81,2564385,30009984.000
05072012,71.51,75.95,71.33,75.35,6368525,77211016.000
05082012,74.75,76.07,73.61,74.03,3608451,43872024.000
05092012,73.85,74.75,72.77,74.57,2409921,29006662.000
05102012,74.15,75.29,73.55,73.67,2953414,35862408.000
05112012,73.67,74.69,73.37,73.55,1978849,23811362.000
05142012,74.69,74.69,73.49,73.61,1896791,22943540.000
05152012,72.83,74.75,72.35,74.75,2626632,31727310.000
05162012,74.15,75.05,73.25,73.55,1999809,24126984.000
05172012,73.49,74.69,73.25,74.63,1679478,20316886.000
05182012,74.45,74.45,71.75,71.75,2141064,25608368.000
05212012,72.29,74.69,71.45,71.57,2234021,26630304.000
05222012,71.81,73.37,70.91,72.71,2137200,25075824.000
05232012,72.41,73.31,71.45,71.63,1582250,18658110.000
05242012,70.91,72.95,70.91,71.09,1501714,17560352.000
05252012,71.15,74.15,70.85,73.73,3937442,46948252.000
05282012,73.85,80.09,73.31,78.77,10706626,135104112.000
05292012,78.35,82.73,77.21,79.25,14362245,188973200.000
05312012,79.25,86.15,78.65,84.35,15588853,212311088.000
06012012,84.05,84.05,80.45,83.03,7738916,104451336.000
06042012,81.59,84.05,81.05,81.83,5804905,78379552.000
06052012,81.77,85.43,81.77,82.73,5839819,79855544.000
06062012,82.55,83.69,80.09,81.95,3381725,44985628.000
06072012,82.55,85.67,81.35,83.81,7680489,105742848.000
06082012,85.25,85.97,81.53,82.67,4743655,64812504.000
06112012,81.95,84.65,80.21,83.27,5528014,74996472.000
06122012,83.15,86.75,82.61,85.55,7274216,101084416.000
06132012,85.55,88.31,84.35,87.35,5776863,81910936.000
06142012,87.29,87.35,85.91,86.45,3074329,43580392.000
06152012,86.45,89.15,84.35,85.07,5170021,73080408.000
06182012,84.23,86.33,83.87,85.85,4605608,64101292.000
06192012,85.07,89.45,82.55,87.23,7098678,101735040.000
06202012,87.17,88.49,86.57,86.57,3193000,45783632.000
06212012,89.03,89.03,86.45,87.23,3310975,47488104.000
06252012,87.05,87.17,83.69,84.59,3169259,44236396.000
06262012,84.29,86.21,80.81,83.51,3736335,50608864.000
06272012,83.33,84.71,81.83,82.85,1476714,20147480.000
06282012,82.85,84.29,80.63,81.41,1823862,24388486.000
06292012,81.05,83.81,79.01,83.15,1654490,22056664.000
07022012,82.25,84.35,77.63,77.93,7008875,91041616.000
07032012,78.05,79.25,76.79,78.35,2333249,29833884.000
07042012,78.83,79.49,77.33,79.19,1598938,20317658.000
07052012,78.35,78.95,75.41,77.03,1716227,21400566.000
07062012,76.19,79.49,76.19,78.83,2115528,26817696.000
07092012,77.51,80.57,77.27,79.43,3492218,44865792.000
07102012,78.65,81.05,78.65,79.61,2406954,31296134.000
07112012,79.61,81.47,78.59,79.55,2247428,29150164.000
07122012,78.53,80.75,76.43,78.65,3150537,40226352.000
07132012,79.07,80.21,75.23,75.29,4642402,57807016.000
07162012,75.35,76.07,70.85,71.21,5952437,69534912.000
07172012,71.69,74.21,70.13,73.79,2771178,32667014.000
07182012,73.73,73.97,72.35,73.67,1674209,19811110.000
07192012,73.85,74.51,73.25,73.85,1186144,14189875.000
07202012,74.09,74.69,72.95,73.43,1191037,14267827.000
07232012,77.93,77.99,73.73,73.97,2684384,32601186.000
07242012,72.95,74.45,71.81,73.79,1139820,13492250.000
07252012,73.79,77.15,73.43,73.73,2563461,31197320.000
07262012,74.03,75.65,74.03,74.93,2225912,27080602.000
07272012,74.93,74.93,73.43,74.09,950971,11394996.000
07302012,74.15,74.45,71.39,72.41,2227683,26139696.000
07312012,71.15,72.59,71.03,71.39,660875,7642490.500
08012012,72.35,75.05,71.45,73.25,1588790,18854390.000
08022012,73.01,73.61,71.63,71.93,1543668,18050202.000
08032012,72.89,73.43,71.99,72.65,1498694,17605150.000
08062012,72.05,74.03,72.05,73.61,1572341,18670214.000
08072012,73.61,75.59,73.61,75.17,2021461,24460162.000
08082012,75.17,75.35,73.37,74.69,1080378,13009111.000
08092012,74.69,75.35,72.95,75.23,1721725,20727564.000
08102012,75.05,75.35,74.03,75.05,1021409,12364799.000
08132012,75.35,75.89,74.21,74.93,1545951,18859894.000
08142012,74.63,75.05,73.55,74.69,1260036,15153251.000
08152012,74.69,74.75,72.53,72.71,1649254,19552668.000
08162012,73.55,75.23,72.41,74.81,1961598,23602762.000
08172012,74.81,75.23,74.15,74.81,545629,6582941.000
08202012,74.75,77.93,74.69,77.27,2785961,34641952.000
08212012,78.35,79.85,77.15,77.99,2785401,35596392.000
08222012,77.99,82.97,77.99,82.25,5600598,73900560.000
08232012,82.13,83.15,81.11,81.41,4544015,60403840.000
08242012,81.41,84.05,80.63,82.25,4565498,61422416.000
08272012,82.01,82.31,75.95,77.39,4882818,62054296.000
08282012,77.39,79.43,76.55,77.15,2062642,25989812.000
08292012,77.51,83.63,77.45,81.71,3308553,43621440.000
08302012,80.63,83.15,78.95,81.23,2000400,26374536.000
08312012,80.57,81.23,78.95,80.03,1355313,17515388.000
09032012,80.03,82.61,79.37,82.43,1464364,19384568.000
09042012,82.43,83.45,80.63,80.75,1706497,22696422.000
09052012,80.63,82.49,79.55,80.09,1178237,15529966.000
09062012,80.45,82.85,80.45,81.29,1542241,20472070.000
09072012,82.85,87.95,82.55,86.51,6504452,90493264.000
09102012,86.51,94.07,86.03,90.53,9219810,134587872.000
09112012,89.63,90.59,87.05,88.25,4303346,62038496.000
09122012,89.03,90.23,87.23,89.09,2893234,41670484.000
09132012,89.03,89.03,86.93,87.17,2130182,30350228.000
09142012,87.65,88.43,85.07,86.63,2516757,35327032.000
09172012,86.15,86.45,84.11,84.17,2164234,29943190.000
09182012,83.81,85.67,83.21,84.89,1363635,18722214.000
09192012,84.89,87.29,84.17,86.15,1304097,18266636.000
09202012,86.15,88.55,83.87,87.35,2954213,41589372.000
09212012,86.15,86.63,84.11,84.35,2292778,31701098.000
09242012,83.03,86.03,82.91,85.07,959227,13240377.000
09252012,85.13,87.95,84.65,87.11,1983496,27992002.000
09262012,87.17,87.71,86.39,86.51,1942666,27501536.000
09272012,86.15,87.35,83.15,86.93,2643094,36582456.000
09282012,86.21,87.83,85.25,87.23,1997628,28212594.000
10112012,90.71,91.55,87.71,88.01,5892577,85969760.000
10122012,91.43,92.15,88.37,89.15,4311203,62957872.000
10152012,88.37,89.99,88.07,88.43,2432586,35114000.000
10162012,88.61,91.43,88.61,89.45,2480662,36279816.000
10172012,90.17,90.29,87.95,88.55,1827626,26381686.000
10182012,88.13,88.91,87.47,88.49,2038056,29264258.000
10192012,88.55,89.99,87.23,87.83,1597962,22856728.000
10222012,88.43,96.41,88.43,95.93,11259750,172035680.000
10232012,95.75,96.65,94.37,95.45,4620694,71724200.000
10242012,94.85,96.65,92.27,92.87,5767417,88630856.000
10252012,92.81,95.93,92.45,93.35,3862865,59304404.000
10262012,93.35,93.71,91.07,93.05,3038454,45685852.000
10292012,92.09,94.43,91.67,93.29,2379176,36225552.000
10302012,93.35,94.85,89.99,90.59,3197069,47624256.000
10312012,90.35,93.35,90.35,92.51,3072036,46034692.000
11012012,92.81,94.79,92.75,93.41,2857098,43552156.000
11022012,93.77,93.95,90.77,91.55,3221272,48038296.000
11052012,91.97,92.75,91.13,92.03,1688203,25240514.000
11062012,91.55,92.93,89.15,92.33,2128969,31560708.000
11072012,92.33,93.53,91.55,92.99,2154788,32565428.000
11082012,92.09,92.63,89.69,89.69,2104053,31185260.000
11092012,89.15,91.61,88.91,89.33,1780630,26179434.000
11122012,88.91,90.71,87.35,88.91,1398302,20169140.000
11132012,89.21,89.75,87.05,87.05,1066338,15294312.000
11142012,87.11,87.35,85.97,86.81,1359016,19110580.000
11152012,86.57,88.25,86.03,86.03,1051842,14903012.000
11162012,86.03,86.03,83.03,85.07,2843227,38940844.000
11192012,84.95,85.31,81.77,84.11,1924755,26066714.000
11202012,84.35,85.13,81.71,83.93,1971664,26561054.000
11212012,83.21,85.07,82.43,85.01,1179233,16043588.000
11222012,85.01,85.01,83.63,84.11,639048,8745879.000
11232012,84.77,85.49,83.75,84.77,2119925,29129790.000
11262012,83.57,85.19,83.57,83.69,1223369,16798740.000
11272012,83.69,84.05,81.65,81.65,1771362,23825836.000
11282012,80.21,80.45,78.35,80.03,2073227,26719606.000
11292012,79.85,83.81,79.85,81.65,1819498,24384464.000
11302012,82.73,85.25,81.83,83.45,1538155,21037692.000
12032012,83.45,86.87,83.15,83.99,1701386,23547476.000
12042012,83.45,85.31,82.67,84.77,881700,12112239.000
12052012,84.77,89.93,84.05,88.73,2740194,39175228.000
12062012,88.55,90.17,86.39,87.17,2531644,36101520.000
12072012,86.45,89.33,86.33,88.73,2236253,32098708.000
12102012,88.61,91.73,88.01,91.37,3153853,46657012.000
12112012,91.01,92.57,89.75,91.31,2636405,39189356.000
12122012,90.77,91.73,90.47,91.01,1128355,16712541.000
12132012,90.95,91.25,88.55,88.73,1326703,19413928.000
12142012,88.37,92.69,88.19,91.79,3124770,46428880.000
12172012,91.79,92.63,89.33,90.35,3444398,50882704.000
12182012,90.35,90.95,88.55,89.33,2409912,35329572.000
12192012,89.21,90.23,87.95,88.55,2751894,39676640.000
12202012,88.55,89.51,87.41,89.27,2588021,37270920.000
12212012,89.33,91.37,89.15,90.59,3143713,46425200.000
12242012,91.13,91.13,90.05,90.35,1812246,26712366.000
12252012,90.35,93.59,89.33,93.05,4403915,66238560.000
12262012,93.29,96.59,93.05,95.09,4896370,75738128.000
12272012,95.15,95.75,93.11,93.29,2723911,41634732.000
12282012,93.29,94.49,92.21,94.49,2812462,42662432.000
12312012,94.91,96.47,93.53,93.65,4089977,63001776.000
01042013,93.83,94.79,91.97,94.13,2875036,43576724.000
01072013,94.55,98.93,94.55,96.95,5231128,82789368.000
01082013,96.83,99.83,96.11,99.41,6263000,99902168.000
01092013,99.17,100.31,97.13,98.27,4496935,72592856.000
01102013,98.21,102.29,98.15,101.45,5868002,96387584.000
01112013,101.45,102.71,99.59,99.65,4163127,68594968.000
01142013,99.95,103.31,98.51,102.83,5200330,86076504.000
01152013,102.83,105.17,101.15,102.65,4919039,82677296.000
01162013,102.05,103.97,101.45,103.43,3124995,52355120.000
01172013,103.49,103.91,99.11,100.79,5016165,82239048.000
01182013,100.61,101.45,98.09,100.43,5157671,83850472.000
01212013,100.55,100.79,98.75,100.55,2976045,48539076.000
01222013,99.89,102.95,98.45,99.77,3540695,58145448.000
01232013,99.35,99.83,96.83,98.69,4043778,64923440.000
01242013,98.45,99.59,94.07,95.39,5352563,84811672.000
01252013,94.73,97.07,94.73,95.75,1709954,26803052.000
01282013,96.65,99.65,96.05,99.47,3222964,51818652.000
01292013,99.65,100.31,98.81,99.23,3399597,55140932.000
01302013,99.17,100.31,98.15,99.05,2467923,39958128.000
01312013,98.51,100.67,98.51,99.59,2168113,35223068.000
02012013,98.93,99.59,97.19,98.15,2126095,34054376.000
02042013,98.39,99.29,94.49,95.33,3310296,51670076.000
02052013,96.11,97.37,95.33,97.01,1841411,29002042.000
02062013,96.83,98.33,95.81,97.79,2571944,40713768.000
02072013,97.49,98.69,95.75,98.63,1964410,31119520.000
02082013,98.03,101.57,98.03,100.73,2968561,48773760.000
02182013,100.97,103.49,100.49,100.49,2492487,41436460.000
02192013,99.77,101.09,95.63,96.95,2233149,35599052.000
02202013,96.89,98.33,94.85,97.97,2853927,44720092.000
02212013,97.25,97.55,93.71,94.31,3390988,52339308.000
02222013,94.19,96.77,94.19,95.15,2677701,41806904.000
02252013,95.21,96.71,95.21,95.99,1572455,24624850.000
02262013,95.51,96.83,93.17,93.35,2708707,41733604.000
02272013,93.05,94.13,92.33,92.63,1946465,29477862.000
02282013,93.77,96.47,93.71,96.23,3006678,46717312.000
03012013,96.35,97.79,95.33,96.95,2535679,39848492.000
03042013,95.15,95.51,87.47,89.69,5601611,83206232.000
03052013,89.57,91.25,87.53,89.75,4261916,62215696.000
03062013,89.75,91.79,89.75,90.35,3658308,54009612.000
03072013,90.65,93.65,90.65,92.63,6401593,95678144.000
03082013,92.63,92.99,91.01,91.43,1925343,28806738.000
03112013,91.37,93.65,88.55,92.09,2864356,42806856.000
03122013,92.21,93.71,89.09,90.77,2982030,44506276.000
03132013,89.75,90.77,85.67,88.97,4026322,57436280.000
03142013,88.01,89.45,87.47,87.89,1810191,26021920.000
03152013,87.89,89.57,86.03,88.01,1912533,27316736.000
03182013,87.35,88.19,85.85,85.85,1981908,27824972.000
03192013,86.21,87.65,85.43,86.21,2747689,38590868.000
03202013,86.33,89.81,86.33,89.45,3232795,46636324.000
03212013,89.75,91.91,89.63,90.35,3390048,50014464.000
03222013,90.35,91.49,89.75,90.65,1956146,28814286.000
03252013,90.77,91.49,89.33,89.63,2539358,37206756.000
03262013,89.33,90.95,89.33,90.59,2554317,37414296.000
03272013,90.77,91.49,89.63,90.05,1838346,27009494.000
03282013,89.93,89.93,86.57,86.81,3029572,43471856.000
03292013,87.83,87.83,85.97,86.45,1880021,26450760.000
04012013,86.45,89.33,86.45,88.43,2769296,39812344.000
04022013,88.85,92.69,88.49,91.43,6245008,92541336.000
04032013,90.47,92.57,89.15,90.35,2458230,36227388.000
04082013,89.63,90.65,86.45,90.65,1428100,20631800.000
04092013,90.59,95.03,90.59,94.25,5716633,87268984.000
04102013,93.95,94.55,91.85,93.35,3226737,48841576.000
04112013,93.53,94.55,91.55,92.33,2680051,40511748.000
04122013,92.21,93.95,90.83,91.25,1835309,27468522.000
04152013,91.25,92.69,89.75,92.69,1965085,29378838.000
04162013,92.15,95.87,91.43,95.51,5134026,79037552.000
04172013,95.03,97.91,94.67,97.55,7098106,112324248.000
04182013,97.55,98.51,96.47,96.83,3742213,59470056.000
04192013,96.41,98.87,96.17,98.39,4846042,77579456.000
04222013,98.99,100.85,96.95,98.15,3701524,59309040.000
04232013,98.15,98.15,95.75,96.23,3755222,59036540.000
04242013,95.75,98.57,95.75,98.15,3077091,48912856.000
04252013,97.85,99.53,96.11,99.35,4404277,70669416.000
04262013,99.29,99.53,96.83,96.95,4295435,68653704.000
05022013,96.35,97.43,94.19,96.71,2076522,32494100.000
05032013,96.65,99.77,96.17,99.53,4470608,72117720.000
05062013,99.89,100.73,98.09,100.49,4907773,79504072.000
05072013,100.01,100.85,98.81,100.25,2743538,44596904.000
05082013,100.49,102.05,99.53,101.45,3883716,63977668.000
05092013,101.09,101.69,97.61,98.87,3576153,57748516.000
05102013,98.93,99.59,97.25,99.35,2937145,47029000.000
05132013,99.65,99.95,98.03,98.51,1739283,28051440.000
05142013,98.15,98.15,95.15,95.57,3040701,47563916.000
05152013,95.15,101.45,95.15,101.27,5588384,90406040.000
05162013,100.55,109.25,100.55,106.01,10688730,183530976.000
05172013,105.41,111.65,104.87,111.05,9705840,174454736.000
05202013,111.95,113.15,109.73,111.77,7737757,141337264.000
05212013,111.77,117.05,110.75,117.05,5338915,99487632.000
05222013,116.33,122.63,113.03,116.57,7998522,155275696.000
05232013,116.57,119.63,114.95,117.35,3185782,61126692.000
05242013,117.05,118.07,115.61,117.35,1967276,37604340.000
05272013,117.35,119.63,114.95,116.03,3757344,71709896.000
05282013,114.95,115.79,111.47,112.85,3343044,62082744.000
05292013,112.55,123.95,112.55,123.95,10626849,211465600.000
05302013,125.33,128.15,124.07,127.97,7903027,163510128.000
05312013,127.55,127.55,122.75,123.35,5474838,112297048.000
06032013,124.55,126.11,122.15,124.55,2014528,40585892.000
06042013,124.55,124.85,115.43,119.51,3039554,58486504.000
06052013,119.51,124.97,117.53,124.97,3487089,69734200.000
06062013,123.83,126.23,117.35,118.67,3285102,64791284.000
06072013,118.55,122.15,117.53,120.83,2260189,43960160.000
06132013,118.25,120.47,110.15,119.03,3733559,69464840.000
06142013,119.15,125.03,119.15,123.05,2334204,46548972.000
06172013,123.35,125.15,120.35,122.33,2450617,48536728.000
06182013,122.87,123.29,116.45,116.87,3326102,63805672.000
06192013,114.47,119.15,114.47,117.95,1384813,26355946.000
06202013,117.95,119.45,111.35,111.77,1959120,36874660.000
06212013,108.35,114.77,107.21,112.37,1885171,33904200.000
06242013,111.95,113.15,105.41,108.95,2335959,41416152.000
06252013,106.25,112.55,102.35,111.77,3711414,65117224.000
06262013,112.79,117.11,111.95,116.15,2578884,48122400.000
06272013,116.75,118.97,112.37,112.97,1892796,35487920.000
06282013,111.35,123.83,110.63,114.35,3863019,74138400.000
07012013,115.61,120.89,114.53,119.63,2732275,52355060.000
07022013,120.35,122.51,117.41,122.03,3181290,61828480.000
07032013,121.43,122.03,117.35,120.41,2740402,53272796.000
07042013,118.61,125.15,118.31,123.05,3198846,63735848.000
07052013,123.05,126.05,121.73,122.15,2773940,55887300.000
07082013,121.37,121.37,117.41,118.85,1826202,35283912.000
07092013,118.85,123.95,117.65,123.41,2060735,40323916.000
07102013,126.05,130.61,124.01,128.15,5804690,120494832.000
07112013,128.69,131.75,126.65,129.35,6529792,138080656.000
07122013,129.53,134.15,127.61,131.99,9135224,194854016.000
07152013,135.29,144.83,134.15,144.83,10113490,230449984.000
07162013,143.69,149.75,142.25,147.35,6144716,145966448.000
07172013,145.55,147.17,141.29,143.03,2543100,59707092.000
07182013,141.95,145.07,139.43,140.03,4182586,95885616.000
07192013,140.03,142.19,136.43,137.15,3815510,86115904.000
07222013,136.25,140.63,135.41,139.25,3013158,67839232.000
07232013,139.85,144.05,139.85,143.99,3745538,86706416.000
07242013,144.17,145.55,139.55,141.35,3395389,78306184.000
07252013,141.29,143.63,132.47,132.47,4588512,101969696.000
07262013,133.37,137.75,132.29,134.09,1834622,40217104.000
07292013,133.55,135.95,128.75,135.83,2493069,53513584.000
07302013,135.95,138.17,132.11,137.09,2087204,46325016.000
07312013,137.15,146.87,137.15,143.03,4158956,96854952.000
08012013,145.25,146.09,139.67,144.83,3883673,90343880.000
08022013,145.25,149.63,141.53,143.39,4637621,110062096.000
08052013,141.95,147.59,141.83,146.63,2166479,51523740.000
08062013,145.01,148.79,144.95,146.33,2169977,51832484.000
08072013,146.33,151.67,141.95,149.09,3458527,83087016.000
08082013,148.55,149.69,146.21,147.23,1901978,45788536.000
08092013,146.45,150.29,141.95,143.81,1626546,38340764.000
08122013,143.03,146.27,143.03,145.91,1624674,38385592.000
08132013,150.65,159.35,150.65,151.97,3754051,93498160.000
08142013,152.69,154.55,148.97,149.75,2387206,58748872.000
08152013,152.21,164.15,152.21,158.33,4769877,122650720.000
08162013,157.31,161.51,155.45,156.17,3493573,89887008.000
08192013,156.23,161.57,153.95,158.81,3775214,97498616.000
08202013,158.15,160.67,153.53,154.79,4316939,109432968.000
08212013,153.41,155.33,152.63,153.59,1935799,48520544.000
08222013,153.41,154.91,151.43,151.85,1995096,49775268.000
08232013,152.75,156.95,151.61,156.23,3493418,88322552.000
08262013,155.75,157.31,153.35,156.41,2357564,59649920.000
08272013,156.05,156.35,152.15,153.65,1790155,44848196.000
08282013,153.11,153.35,149.15,149.57,2380015,58606756.000
08292013,149.15,152.15,147.83,149.57,1147141,28006190.000
08302013,148.97,151.25,143.81,144.05,1858258,44790256.000
09092013,151.49,158.15,151.31,152.51,6516536,163300608.000
09102013,152.63,157.07,150.65,154.25,3697187,92951392.000
09112013,153.65,156.29,150.95,154.61,2877712,72227088.000
09122013,153.65,155.33,151.73,153.35,1255450,31291542.000
09132013,151.85,153.23,146.21,149.63,2279390,55315528.000
09162013,149.21,150.23,147.95,149.57,974923,23729750.000
09172013,149.45,152.75,148.43,149.15,1248146,30670354.000
09182013,148.55,148.79,143.27,145.61,1773345,42196300.000
09232013,145.55,148.37,143.87,147.47,1389763,32942004.000
09242013,147.29,147.29,144.35,144.71,1293370,30541372.000
09252013,145.31,146.63,144.17,146.15,1595047,37710480.000
09262013,145.73,146.09,143.93,144.95,1753341,41482336.000
09272013,144.35,145.85,142.55,144.29,1733447,40753916.000
09302013,144.53,148.79,144.53,147.47,1405594,33775512.000
10082013,147.41,147.41,143.45,146.51,1795272,42398384.000
10092013,147.11,157.07,147.11,155.33,4890824,123125792.000
10102013,155.69,156.89,153.41,156.05,2539610,64395752.000
10112013,157.19,165.41,157.19,164.63,6094528,161759056.000
10142013,165.95,179.75,165.95,172.55,10454388,296048608.000
10152013,172.07,174.05,168.11,171.05,3635164,100867328.000
10162013,169.55,170.15,162.17,162.65,3657862,98577952.000
10172013,164.63,166.55,159.47,163.55,2558759,68196984.000
10182013,163.55,165.29,161.45,163.01,1482340,39492460.000
10212013,163.13,172.43,162.35,171.05,2537320,70027632.000
10222013,169.61,172.25,157.49,159.11,4269459,113333520.000
10232013,159.23,161.75,154.85,161.27,2947099,76367232.000
10242013,160.91,161.03,156.11,157.25,1005934,25991130.000
10252013,157.19,160.25,151.01,157.55,2036704,51598812.000
10282013,157.61,162.47,155.51,162.35,1430544,37266444.000
10292013,161.75,169.55,153.35,165.71,3053198,81628056.000
10302013,169.13,173.63,167.45,170.87,4604140,128181904.000
10312013,170.57,170.57,165.95,167.75,1469659,40248964.000
11012013,166.85,174.23,166.85,169.97,3522764,98684056.000
11042013,165.95,175.31,163.85,174.17,3441918,96520960.000
11052013,176.75,177.29,168.35,173.39,3007548,84209976.000
11062013,173.15,173.15,167.45,167.75,3682273,101697736.000
11072013,166.25,171.95,163.25,168.59,2220506,60733712.000
11082013,165.59,171.53,165.59,168.83,2919552,81018080.000
11112013,169.31,172.43,165.35,166.13,2917082,80417864.000
11122013,165.29,167.15,163.43,164.69,1488386,39991004.000
11132013,164.57,166.67,162.95,163.31,1426703,38387848.000
11142013,162.47,170.63,159.95,168.95,2108855,57202804.000
11152013,169.55,173.03,169.55,170.93,2318685,64975448.000
11182013,170.81,174.29,169.55,173.45,1593270,44823372.000
11192013,173.45,174.95,170.15,171.95,1418156,40002988.000
11202013,172.43,172.97,170.39,171.71,964409,27045842.000
11212013,170.51,183.23,170.15,182.75,4016637,117256000.000
11222013,182.45,183.95,176.87,182.69,3139529,93227344.000
11252013,182.51,186.23,178.61,182.15,2410241,72174768.000
11262013,181.55,185.15,179.51,180.47,1981450,59082988.000
11272013,183.23,185.75,180.47,182.15,1865103,55850436.000
11282013,183.83,183.89,178.55,179.69,3228259,95020824.000
11292013,179.69,180.59,176.45,177.89,2523325,73403720.000
12022013,174.35,174.95,164.27,167.51,3164640,87609096.000
12032013,167.51,172.01,164.57,170.81,1741670,48033608.000
12042013,169.31,174.11,169.31,171.47,1626942,45951892.000
12052013,171.35,171.53,164.75,165.59,2999328,81520712.000
12062013,164.09,166.97,163.01,164.09,2565830,68684032.000
12092013,164.21,169.85,164.21,169.73,2649874,72954888.000
12102013,170.45,174.35,170.45,172.73,2399039,67617480.000
12112013,172.73,173.99,169.79,173.69,1674584,46962788.000
12122013,171.89,174.23,170.33,170.39,1882592,52977968.000
12132013,169.67,170.69,165.05,166.55,2941347,80166936.000
12162013,166.55,168.23,158.51,159.95,3928548,103546016.000
12172013,159.95,162.35,155.63,157.43,2708666,69626128.000
12182013,156.95,159.71,155.81,158.03,1130208,29140956.000
12192013,158.51,159.71,154.67,154.67,2760941,70147072.000
12202013,155.15,156.29,153.41,154.55,1715698,43380128.000
12232013,154.55,161.15,150.53,157.55,2302515,58925752.000
12242013,157.55,160.67,157.55,160.31,1766036,46053364.000
12252013,161.33,164.03,158.81,163.79,2242947,59333040.000
12262013,162.95,164.93,158.75,160.13,1240470,32663286.000
12272013,160.13,162.29,159.47,161.63,1190474,31310796.000
12302013,162.17,162.35,147.95,159.95,3064508,78672368.000
12312013,158.09,162.05,158.03,161.57,1493342,38987872.000
01022014,161.63,165.53,160.01,164.33,2030239,54186800.000
01032014,163.61,165.05,160.31,161.15,1232114,32540652.000
01062014,161.21,168.83,161.21,168.77,5171306,139668320.000
01072014,166.97,173.15,164.15,166.25,4911087,135102704.000
01082014,166.25,168.35,162.29,164.03,2495176,67047336.000
01092014,162.53,166.43,158.15,161.93,3792282,100068112.000
01102014,161.75,161.75,152.21,156.77,3471466,88493512.000
01132014,153.35,156.83,152.69,153.53,1618294,40838416.000
01142014,153.65,154.79,149.03,154.37,2638597,65285660.000
01152014,154.31,155.39,152.45,155.03,1435415,36013244.000
01162014,155.45,156.23,151.73,152.39,2442169,61008000.000
01172014,151.97,152.15,141.35,143.51,5334832,126786976.000
01202014,143.45,147.23,140.81,146.63,3267440,76830856.000
01212014,146.45,147.05,141.95,142.43,3607151,84548568.000
01222014,141.95,152.39,140.69,150.47,7260616,172053936.000
01232014,149.69,150.53,147.59,150.35,2130766,51835588.000
01242014,149.63,159.41,148.31,156.41,5307342,135400320.000
01272014,155.09,158.09,152.63,153.35,3302262,83008888.000
01282014,153.11,155.63,147.23,147.89,4529539,110391096.000
01292014,147.89,148.97,147.05,148.31,1308945,31565430.000
01302014,147.95,148.73,145.85,148.61,1516168,36381540.000
02072014,147.05,151.01,144.23,150.65,2448142,58825332.000
02102014,150.35,155.39,150.23,153.95,3451002,86248368.000
02112014,154.73,154.73,152.21,153.59,2111823,52788200.000
02122014,154.13,163.73,153.83,159.71,5114813,133146008.000
02132014,159.29,159.35,154.91,155.63,3932604,100758144.000
02142014,155.75,160.85,153.41,159.65,2655431,68536928.000
02172014,159.65,159.95,156.95,159.89,2539080,65531044.000
02182014,159.59,159.59,156.11,156.35,2088620,53589612.000
02192014,156.53,157.91,154.85,155.15,1663514,42276856.000
02202014,155.33,158.69,153.23,155.75,2273650,57771392.000
02212014,155.21,155.39,152.75,153.77,1328337,33278906.000
02242014,153.29,153.29,140.75,143.39,5111542,120114280.000
02252014,142.61,142.67,137.87,138.35,4536440,103099544.000
02262014,139.85,140.99,133.31,137.03,3381243,74829368.000
02272014,136.85,139.97,136.67,137.63,2360609,53261196.000
02282014,137.63,142.25,136.55,141.65,1556548,35317192.000
03032014,141.95,145.25,140.27,144.65,1830896,42647244.000
03042014,143.75,144.53,141.05,143.39,1223356,28529374.000
03052014,143.15,144.29,136.55,136.67,2729777,61893144.000
03062014,136.91,140.63,134.93,140.03,2717690,61102896.000
03072014,140.27,140.27,137.69,138.35,1397163,31536834.000
03102014,136.79,136.79,131.03,131.75,1876542,40689764.000
03112014,131.69,131.69,123.35,128.87,2969171,61769368.000
03122014,127.55,140.15,127.31,136.91,4016922,88455952.000
03132014,137.15,138.11,133.31,134.51,1898113,41614552.000
03142014,134.45,137.51,133.55,135.35,1519219,33564856.000
03172014,136.19,137.45,134.03,136.25,2142875,47209976.000
03182014,136.55,136.55,131.15,131.81,5025021,107873680.000
03192014,131.87,132.23,127.55,131.45,2849553,59952568.000
03202014,131.63,134.45,130.01,131.81,2564182,55070840.000
03212014,129.35,135.95,127.43,135.83,3141915,68138600.000
03242014,136.25,147.23,136.25,144.29,7592117,176046480.000
03252014,143.03,144.95,141.35,142.01,2622968,60905544.000
03262014,141.35,144.65,140.21,140.69,1954033,45123764.000
03272014,141.05,141.05,137.75,139.01,1448967,32821722.000
03282014,139.13,142.91,137.87,139.43,2385616,54453172.000
03312014,139.43,144.59,137.75,141.23,1706088,39248408.000
04012014,140.75,143.15,138.95,140.51,1580230,36197008.000
04022014,140.75,144.23,140.09,140.45,1420209,32805402.000
04032014,141.41,151.31,141.41,145.97,5334807,127172600.000
04042014,144.35,148.67,143.09,148.67,3103363,74140040.000
04082014,147.41,150.83,146.75,148.43,2304794,56008032.000
04092014,149.03,152.63,148.37,152.09,2560366,62737836.000
04102014,151.31,151.73,146.75,147.47,3373084,81629376.000
04112014,146.81,150.29,146.75,147.83,2047587,49429804.000
04142014,147.89,150.89,146.93,150.35,1777041,43341404.000
04152014,150.71,151.85,148.19,150.05,1981786,48584112.000
04162014,148.55,151.01,143.15,147.23,4767863,113681816.000
04172014,145.67,147.95,144.11,147.53,1976566,46892216.000
04182014,147.05,147.47,145.85,146.57,1050086,25046000.000
04212014,146.57,146.57,143.39,144.95,1973253,46507848.000
04222014,144.35,144.35,139.07,143.15,1578705,36323428.000
04232014,142.19,146.15,142.19,145.49,973127,22994628.000
04242014,146.39,147.89,145.49,147.59,1133037,27107906.000
04252014,147.11,147.23,135.83,139.55,1098469,25416758.000
04282014,138.05,140.51,135.83,140.45,798948,17928964.000
04292014,141.35,150.35,141.11,145.25,2788956,65676840.000
04302014,145.79,149.09,141.71,148.49,2131060,50236388.000
05052014,148.19,150.17,145.55,146.87,1771547,42124592.000
05062014,146.21,150.05,145.55,149.51,2697976,64758248.000
05072014,149.09,153.11,146.15,146.57,3568401,86524720.000
05082014,145.49,145.49,141.83,144.71,1962282,45575940.000
05092014,143.87,144.23,137.21,138.41,2210956,49674896.000
05122014,139.85,141.65,138.71,141.53,1610196,36394036.000
05132014,141.53,141.53,139.55,140.51,787344,17813750.000
05142014,140.15,145.19,140.15,143.87,1936570,44971980.000
05152014,143.87,144.89,140.81,140.93,943010,21681136.000
05162014,141.23,142.85,139.55,140.93,690692,15701953.000
05192014,141.83,141.83,138.53,139.37,531687,11972174.000
05202014,140.69,141.83,139.01,139.97,1079405,24325958.000
05212014,139.61,139.61,137.75,138.71,1116726,24883848.000
05222014,138.71,142.49,138.71,140.39,1029600,23390634.000
05232014,140.15,142.61,140.15,142.01,873617,19997102.000
05262014,142.49,149.33,141.95,146.57,1721551,40610536.000
05272014,146.51,148.31,144.95,146.63,1304865,31037048.000
05282014,145.85,149.57,144.47,148.67,2366288,56598172.000
05292014,149.15,149.69,147.65,148.31,1274658,30644026.000
05302014,148.31,148.85,147.53,147.65,639684,15302988.000
06032014,147.89,153.11,147.71,151.01,2277073,55667036.000
06042014,150.83,151.73,146.81,147.83,1846377,44580120.000
06052014,148.55,148.55,147.05,148.49,1239499,29625922.000
06062014,147.95,148.55,145.55,146.15,1029083,24504872.000
06092014,146.21,150.95,146.21,147.95,1044334,25152148.000
06102014,148.07,150.41,147.35,149.75,890074,21501554.000
06112014,149.75,151.49,149.15,150.65,1244238,30238468.000
06122014,149.87,151.73,149.75,150.89,874042,21307470.000
06132014,150.23,157.55,150.05,157.55,4064724,102005392.000
06162014,158.27,160.49,155.15,159.77,2618595,67225048.000
06172014,158.75,158.75,155.15,155.45,1354413,34338716.000
06182014,155.51,157.49,151.01,151.79,1340185,33374794.000
06192014,151.85,154.25,150.23,151.55,1512014,37221548.000
06202014,151.55,154.19,151.07,153.65,713455,17653516.000
06232014,156.95,157.85,154.79,157.25,1442622,36701392.000
06242014,157.49,158.81,155.75,155.75,1302480,33260550.000
06252014,154.79,158.39,154.07,156.65,1038862,26415148.000
06262014,156.11,158.03,155.57,156.05,1839854,46525376.000
06272014,156.65,157.43,154.67,155.63,1500446,37941912.000
06302014,155.75,156.41,152.27,153.65,1923492,47781988.000
07012014,153.95,155.15,151.43,153.65,1803037,44559300.000
07022014,153.59,155.99,152.99,155.75,2057813,51486696.000
07032014,155.75,157.31,154.85,156.59,2856265,72261040.000
07042014,156.83,157.49,153.65,154.19,2037465,51115572.000
07072014,164.21,168.53,158.45,161.09,9227861,241838192.000
07082014,160.55,160.55,157.67,159.65,3485488,89868672.000
07092014,159.29,163.55,158.39,158.75,4809061,125713480.000
07102014,158.75,160.97,156.65,158.15,2421229,62170928.000
07112014,158.21,161.75,158.21,160.31,2286949,59379272.000
07142014,159.05,162.05,158.69,162.05,2624884,68355936.000
07152014,161.87,163.19,155.75,157.31,3496642,89874648.000
07162014,157.13,158.45,151.07,151.67,3934396,97845232.000
07172014,151.19,153.35,149.75,152.81,1517673,37150308.000
07182014,152.21,155.27,152.09,153.53,1659451,41290076.000
07212014,152.51,154.43,152.51,154.19,1368159,33997492.000
07222014,152.81,156.11,152.75,154.67,1409497,35348536.000
07232014,154.67,155.33,152.87,152.99,1963898,48871708.000
07242014,152.99,152.99,148.79,152.03,1432477,34967448.000
07252014,152.75,154.73,152.15,154.13,1817031,45228276.000
07282014,154.25,158.81,154.25,156.71,2414317,61487168.000
07292014,157.31,157.79,155.81,157.25,2228153,56667020.000
07302014,156.65,158.75,156.65,157.97,2916134,74377640.000
07312014,158.15,158.45,155.93,156.95,2413294,61229068.000
08012014,156.89,157.13,153.35,153.53,2685126,67415232.000
08042014,153.65,159.95,153.65,159.53,3986130,102129440.000
08052014,158.75,162.23,158.75,160.49,3923790,101929760.000
08062014,159.95,162.11,159.11,161.63,4265658,111227112.000
08072014,161.93,167.15,161.75,165.83,5692563,152513808.000
08082014,165.83,168.35,164.51,165.95,4330775,117014056.000
08112014,166.55,167.63,164.57,166.55,3555793,95789424.000
08122014,165.65,171.35,165.65,169.79,3706632,101678496.000
08132014,170.15,171.17,164.75,166.31,3349942,90863856.000
08142014,166.91,169.55,164.69,164.93,1718739,46374416.000
08152014,166.19,166.49,162.95,166.37,1296585,34684456.000
08182014,165.65,167.75,164.09,164.69,4002849,107223120.000
08192014,165.35,166.25,163.01,164.75,2558672,68154704.000
08202014,164.63,165.17,163.55,165.17,1189919,31671024.000
08212014,164.45,166.31,159.35,165.53,4627201,121686936.000
08222014,165.83,166.01,163.01,165.29,3694272,98366328.000
08252014,165.59,165.83,161.93,161.93,2381076,62765424.000
08262014,161.75,162.65,157.31,159.95,2550866,65897380.000
08272014,160.37,160.85,158.63,158.63,2065278,53374676.000
08282014,158.99,162.65,158.45,159.23,2473478,64173436.000
08292014,158.27,160.43,158.27,160.25,1718503,44362100.000
09012014,160.61,165.11,160.25,163.55,3218740,85366992.000
09022014,163.85,165.95,163.07,165.95,5323934,141795936.000
09032014,166.85,166.85,163.49,164.45,3773793,100701704.000
09042014,164.15,167.21,164.15,165.83,3185915,85789656.000
09052014,165.95,166.49,163.55,165.05,1700258,45409672.000
09092014,163.85,165.53,161.75,165.05,2801641,74116080.000
09102014,164.57,166.13,163.01,165.47,1949297,52086964.000
09112014,165.47,166.85,164.75,165.41,2566456,69035320.000
09122014,166.25,169.43,164.51,167.99,2820470,76716368.000
09152014,168.17,168.17,162.41,164.15,4107084,109388528.000
09162014,163.73,163.73,159.35,160.25,3273135,85531504.000
09172014,160.19,162.77,158.57,161.45,1824392,47632800.000
09182014,162.41,165.65,161.09,164.57,2232120,59288660.000
09192014,164.75,165.35,161.63,164.03,965462,25587158.000
09222014,163.25,164.87,163.01,163.61,1720593,45731264.000
09232014,164.21,164.75,162.05,163.61,1125762,29787252.000
09242014,163.85,165.77,163.55,165.53,1613587,43172048.000
09252014,165.47,165.71,162.95,163.01,2312905,61430856.000
09262014,163.01,164.69,161.99,163.31,1700411,44929324.000
09292014,164.15,164.15,162.53,163.61,2007937,53064116.000
09302014,163.37,164.75,162.83,164.27,2037365,53989384.000
10082014,164.45,171.23,164.45,170.87,4916548,134415152.000
10092014,170.87,175.73,169.67,174.83,5859732,164629424.000
10102014,174.83,175.73,171.83,172.61,3417288,96362120.000
10132014,172.61,172.85,168.83,171.65,2227988,61677976.000
10142014,171.47,173.81,170.27,171.65,2185664,61120176.000
10152014,172.55,174.29,169.43,169.97,3431178,95095952.000
10162014,169.97,173.45,168.59,170.51,3055075,85132128.000
10172014,170.57,171.71,164.81,169.13,1914828,52392328.000
10202014,169.55,171.71,169.31,170.75,1288637,35610704.000
10212014,171.47,173.09,169.91,172.43,2277054,63441180.000
10222014,173.03,173.09,166.25,166.61,4311867,118093576.000
10232014,165.71,168.53,164.03,166.97,2782833,74893712.000
10242014,166.97,168.65,165.95,168.65,1331636,36040504.000
10272014,167.39,168.59,165.77,168.59,1184430,32125368.000
10282014,169.55,177.17,168.95,176.51,5155193,145440768.000
10292014,176.15,179.15,174.47,176.93,5489555,157580992.000
10302014,176.57,178.43,175.13,176.27,2965649,84939088.000
10312014,176.99,178.31,171.83,175.19,4228580,119644672.000
数据来源:通达信
